-65 139 1045
-64 141 1046
-65 140 1045
-65 140 1046
-64 140 1045
-65 139 1045
-66 141 1046
-64 140 1043
-64 140 1042
-65 140 1046
-65 140 1045
-65 139 1045
-66 140 1045
-64 140 1043
-63 139 1043
-66 139 1045
-66 141 1045
-65 140 1045
-65 140 1045
-65 140 1045
-64 141 1042
-65 140 1044
-65 140 1045
-64 140 1044
-64 140 1046
-65 140 1045
-66 141 1044
-65 141 1044
-66 140 1044
-66 141 1044
-65 140 1044
-66 141 1044
-66 141 1044
-66 140 1044
-66 140 1044
-65 140 1044
-66 141 1044
-65 141 1045
-65 141 1045
-65 142 1045
-66 142 1045
-66 142 1046
-65 142 1042
-66 142 1046
-64 142 1045
-65 140 1045
-65 140 1045
-67 140 1046
-65 141 1046
-65 141 1045
-66 141 1045
-64 140 1045
-66 140 1044
-65 140 1045
-67 141 1044
-65 141 1044
-65 140 1044
-65 140 1043
-65 140 1045
-65 140 1046
-66 139 1045
-65 140 1044
-65 140 1044
-65 140 1045
-66 140 1045
-66 141 1044
-65 141 1044
-66 140 1045
-64 141 1043
-66 140 1045
-67 140 1044
-66 140 1044
-66 140 1045
-66 141 1045
-66 140 1045
-65 141 1044
-67 140 1044
-65 140 1045
-66 140 1044
-66 139 1045
-66 140 1044
-65 142 1045
-66 141 1044
-65 140 1045
-66 141 1045
-65 140 1045
-65 140 1045
-66 141 1045
-65 141 1045
-64 141 1043
-66 140 1044
-65 141 1045
-65 140 1045
-65 141 1045
-66 141 1046
-66 141 1044
-66 141 1045
-66 141 1044
-67 140 1044
-66 140 1044
-65 141 1045
-66 141 1044
-66 141 1045
-65 142 1045
-66 140 1045
-66 141 1044
-66 141 1045
-65 140 1045
-67 141 1045
-66 140 1045
-66 141 1044
-66 141 1045
-66 141 1045
-65 141 1044
-65 141 1045
-65 141 1045
-65 141 1043
-66 141 1045
-65 140 1045
-65 141 1044
-65 141 1045
-66 141 1044
-65 140 1045
-66 139 1045
-67 140 1045
-66 141 1044
-65 140 1045
-66 141 1045
-65 141 1045
-66 141 1044
-65 140 1045
-66 141 1044
-65 140 1042
-67 140 1044
-66 140 1044
-66 141 1043
-66 142 1044
-65 141 1045
-66 141 1044
-65 140 1045
-65 140 1045
-65 140 1044
-65 141 1044
-65 141 1045
-65 142 1044
-65 140 1044
-66 140 1045
-64 140 1045
-66 141 1044
-66 140 1044
-66 140 1045
-63 143 1044
-65 140 1045
-66 140 1045
-66 140 1044
-65 141 1045
-65 141 1045
-66 140 1044
-66 141 1045
-66 142 1044
-65 141 1044
-66 141 1044
-66 142 1044
-65 141 1044
-65 141 1044
-65 141 1045
-65 141 1044
-65 140 1044
-66 141 1045
-66 140 1045
-65 140 1045
-63 144 1043
-63 143 1044
-63 144 1043
-66 141 1044
-68 142 1048
-62 144 1042
-63 143 1044
-63 143 1043
-66 142 1043
162 267 1013
-59 141 1014
-63 144 1043
-63 143 1043
-49 155 1050
-67 177 1108
-61 142 1048
-66 141 1044
-63 142 1047
-64 143 1043
-58 145 1044
-63 142 1044
-65 140 1044
-65 140 1045
-65 140 1045
-64 141 1045
-66 140 1044
-65 139 1045
-65 141 1044
-65 140 1045
-65 141 1044
-347 375 1453
-70 150 1061
-63 142 1044
-61 144 1045
-65 139 1045
-66 141 1044
-231 75 750
-306 88 650
-304 121 635
-308 125 643
-290 132 670
-305 131 642
-306 132 644
-306 129 644
-312 131 646
-313 125 655
-311 117 654
-311 106 649
-279 38 524
