204.182458 2045517971442437200000000000000000000000000000000000000000000000000000000000000000000000000000000000000000.000000 -10.000000
204.300506 1022758985721218600000000000000000000000000000000000000000000000000000000000000000000000000000000000000000.000000 -10.500000
204.419389 1022758985721218600000000000000000000000000000000000000000000000000000000000000000000000000000000000000000.000000 -9.833333
204.538823 1022758985721218600000000000000000000000000000000000000000000000000000000000000000000000000000000000000000.000000 -10.333333
204.657536 1022758985721218600000000000000000000000000000000000000000000000000000000000000000000000000000000000000000.000000 -9.733333
204.776699 1022758985721218600000000000000000000000000000000000000000000000000000000000000000000000000000000000000000.000000 -10.066667
204.895945 852299154767682200000000000000000000000000000000000000000000000000000000000000000000000000000000000000000.000000 -10.388889
205.009790 710249295639735150000000000000000000000000000000000000000000000000000000000000000000000000000000000000000.000000 -9.657407
205.128756 591874413033112600000000000000000000000000000000000000000000000000000000000000000000000000000000000000000.000000 -8.881173
205.247114 493228677527593790000000000000000000000000000000000000000000000000000000000000000000000000000000000000000.000000 -9.234311
205.366123 411023897939661550000000000000000000000000000000000000000000000000000000000000000000000000000000000000000.000000 -9.195259
205.486899 342519914949717940000000000000000000000000000000000000000000000000000000000000000000000000000000000000000.000000 -9.329382
205.605536 285433262458098300000000000000000000000000000000000000000000000000000000000000000000000000000000000000000.000000 -9.274485
205.725598 237861052048415240000000000000000000000000000000000000000000000000000000000000000000000000000000000000000.000000 -8.728738
205.843193 198217543373679380000000000000000000000000000000000000000000000000000000000000000000000000000000000000000.000000 -8.273948
205.953922 165181286144732810000000000000000000000000000000000000000000000000000000000000000000000000000000000000000.000000 -9.061623
206.073844 137651071787277350000000000000000000000000000000000000000000000000000000000000000000000000000000000000000.000000 -9.218020
206.191630 114709226489397800000000000000000000000000000000000000000000000000000000000000000000000000000000000000000.000000 -9.515016
206.311208 95591022074498168000000000000000000000000000000000000000000000000000000000000000000000000000000000000000.000000 -9.595847
206.430389 79659185062081802000000000000000000000000000000000000000000000000000000000000000000000000000000000000000.000000 -9.496539
206.547551 66382654218401507000000000000000000000000000000000000000000000000000000000000000000000000000000000000000.000000 -8.747116
206.668381 55318878515334585000000000000000000000000000000000000000000000000000000000000000000000000000000000000000.000000 -8.789263
206.803497 46099065429445485000000000000000000000000000000000000000000000000000000000000000000000000000000000000000.000000 -8.824386
206.922941 38415887857871239000000000000000000000000000000000000000000000000000000000000000000000000000000000000000.000000 -8.686988
207.042392 32013239881559364000000000000000000000000000000000000000000000000000000000000000000000000000000000000000.000000 -8.905824
207.161161 26677699901299469000000000000000000000000000000000000000000000000000000000000000000000000000000000000000.000000 -8.921520
207.280304 22231416584416226000000000000000000000000000000000000000000000000000000000000000000000000000000000000000.000000 -8.934600
207.399067 18526180487013522000000000000000000000000000000000000000000000000000000000000000000000000000000000000000.000000 -8.778833
207.517394 15438483739177937000000000000000000000000000000000000000000000000000000000000000000000000000000000000000.000000 -8.815694
207.637411 12865403115981615000000000000000000000000000000000000000000000000000000000000000000000000000000000000000.000000 -8.846412
207.755437 10721169263318014000000000000000000000000000000000000000000000000000000000000000000000000000000000000000.000000 -9.038677
207.864900 8934307719431678900000000000000000000000000000000000000000000000000000000000000000000000000000000000000.000000 -9.032230
207.982662 7445256432859732200000000000000000000000000000000000000000000000000000000000000000000000000000000000000.000000 -9.360192
208.102305 6204380360716443400000000000000000000000000000000000000000000000000000000000000000000000000000000000000.000000 -9.633493
208.220574 5170316967263702600000000000000000000000000000000000000000000000000000000000000000000000000000000000000.000000 -9.527911
208.338634 4308597472719752400000000000000000000000000000000000000000000000000000000000000000000000000000000000000.000000 -9.439926
208.457908 3590497893933127000000000000000000000000000000000000000000000000000000000000000000000000000000000000000.000000 -9.533272
208.578326 2992081578277605800000000000000000000000000000000000000000000000000000000000000000000000000000000000000.000000 -9.777726
208.697393 2493401315231338200000000000000000000000000000000000000000000000000000000000000000000000000000000000000.000000 -10.148105
208.815161 2077834429359448200000000000000000000000000000000000000000000000000000000000000000000000000000000000000.000000 -10.123421
208.932165 1731528691132873400000000000000000000000000000000000000000000000000000000000000000000000000000000000000.000000 -10.436184
209.051736 1442940575944061000000000000000000000000000000000000000000000000000000000000000000000000000000000000000.000000 -11.030154
209.170095 1202450479953384100000000000000000000000000000000000000000000000000000000000000000000000000000000000000.000000 -10.358461
209.289575 1002042066627820000000000000000000000000000000000000000000000000000000000000000000000000000000000000000.000000 -10.465384
209.408629 835035055523183380000000000000000000000000000000000000000000000000000000000000000000000000000000000000.000000 -10.554487
209.527055 695862546269319440000000000000000000000000000000000000000000000000000000000000000000000000000000000000.000000 -10.462072
209.645880 579885455224432850000000000000000000000000000000000000000000000000000000000000000000000000000000000000.000000 -10.385060
209.766410 483237879353694080000000000000000000000000000000000000000000000000000000000000000000000000000000000000.000000 -11.154217
209.885450 402698232794745050000000000000000000000000000000000000000000000000000000000000000000000000000000000000.000000 -11.295181
210.005578 335581860662287510000000000000000000000000000000000000000000000000000000000000000000000000000000000000.000000 -11.245984
210.125718 279651550551906260000000000000000000000000000000000000000000000000000000000000000000000000000000000000.000000 -11.204987
210.244579 233042958793255200000000000000000000000000000000000000000000000000000000000000000000000000000000000000.000000 -10.837489
210.363323 194202465661046000000000000000000000000000000000000000000000000000000000000000000000000000000000000000.000000 -10.364574
210.482367 161835388050871670000000000000000000000000000000000000000000000000000000000000000000000000000000000000.000000 -10.470478
210.600468 134862823375726380000000000000000000000000000000000000000000000000000000000000000000000000000000000000.000000 -10.892065
210.720405 112385686146438660000000000000000000000000000000000000000000000000000000000000000000000000000000000000.000000 -10.576721
210.839468 93654738455365558000000000000000000000000000000000000000000000000000000000000000000000000000000000000.000000 -10.480601
210.957276 78045615379471306000000000000000000000000000000000000000000000000000000000000000000000000000000000000.000000 -10.067167
211.077719 65038012816226086000000000000000000000000000000000000000000000000000000000000000000000000000000000000.000000 -10.055973
211.194516 54198344013521735000000000000000000000000000000000000000000000000000000000000000000000000000000000000.000000 -10.546644
211.312396 45165286677934781000000000000000000000000000000000000000000000000000000000000000000000000000000000000.000000 -10.955537
211.432242 37637738898278985000000000000000000000000000000000000000000000000000000000000000000000000000000000000.000000 -10.796281
211.549727 31364782415232486000000000000000000000000000000000000000000000000000000000000000000000000000000000000.000000 -10.496900
211.667661 26137318679360407000000000000000000000000000000000000000000000000000000000000000000000000000000000000.000000 -10.247417
211.786546 21781098899467006000000000000000000000000000000000000000000000000000000000000000000000000000000000000.000000 -10.539514
211.904677 18150915749555840000000000000000000000000000000000000000000000000000000000000000000000000000000000000.000000 -10.449595
212.023851 15125763124629867000000000000000000000000000000000000000000000000000000000000000000000000000000000000.000000 -10.207996
212.142103 12604802603858223000000000000000000000000000000000000000000000000000000000000000000000000000000000000.000000 -10.339997
212.260329 10504002169881852000000000000000000000000000000000000000000000000000000000000000000000000000000000000.000000 -9.616664
212.379675 8753335141568209500000000000000000000000000000000000000000000000000000000000000000000000000000000000.000000 -9.680553
212.497772 7294445951306840900000000000000000000000000000000000000000000000000000000000000000000000000000000000.000000 -9.733794
212.617050 6078704959422367600000000000000000000000000000000000000000000000000000000000000000000000000000000000.000000 -9.778162
212.736258 5065587466185306200000000000000000000000000000000000000000000000000000000000000000000000000000000000.000000 -9.815135
212.854104 4221322888487755500000000000000000000000000000000000000000000000000000000000000000000000000000000000.000000 -9.679279
212.988715 3517769073739796500000000000000000000000000000000000000000000000000000000000000000000000000000000000.000000 -9.566066
213.106395 2931474228116497300000000000000000000000000000000000000000000000000000000000000000000000000000000000.000000 -9.805055
213.225403 2442895190097081000000000000000000000000000000000000000000000000000000000000000000000000000000000000.000000 -10.004212
213.343543 2035745991747567400000000000000000000000000000000000000000000000000000000000000000000000000000000000.000000 -10.003510
213.463818 1696454993122972800000000000000000000000000000000000000000000000000000000000000000000000000000000000.000000 -10.002925
213.582072 1413712494269143800000000000000000000000000000000000000000000000000000000000000000000000000000000000.000000 -10.669104
213.699460 1178093745224286700000000000000000000000000000000000000000000000000000000000000000000000000000000000.000000 -10.390920
213.818452 981744787686905550000000000000000000000000000000000000000000000000000000000000000000000000000000000.000000 -10.325767
213.935645 818120656405754560000000000000000000000000000000000000000000000000000000000000000000000000000000000.000000 -10.271472
214.055171 681767213671462140000000000000000000000000000000000000000000000000000000000000000000000000000000000.000000 -10.059560
214.174052 568139344726218370000000000000000000000000000000000000000000000000000000000000000000000000000000000.000000 -10.382967
214.291802 473449453938515310000000000000000000000000000000000000000000000000000000000000000000000000000000000.000000 -10.485806
214.409708 394541211615429410000000000000000000000000000000000000000000000000000000000000000000000000000000000.000000 -10.571505
214.528909 328784343012857810000000000000000000000000000000000000000000000000000000000000000000000000000000000.000000 -10.476254
214.647717 273986952510714830000000000000000000000000000000000000000000000000000000000000000000000000000000000.000000 -10.730212
214.766279 228322460425595680000000000000000000000000000000000000000000000000000000000000000000000000000000000.000000 -10.108510
214.885601 190268717021329740000000000000000000000000000000000000000000000000000000000000000000000000000000000.000000 -10.090425
215.004854 158557264184441460000000000000000000000000000000000000000000000000000000000000000000000000000000000.000000 -10.242021
215.123578 132131053487034540000000000000000000000000000000000000000000000000000000000000000000000000000000000.000000 -10.535017
215.241804 110109211239195460000000000000000000000000000000000000000000000000000000000000000000000000000000000.000000 -10.279181
215.360033 91757676032662887000000000000000000000000000000000000000000000000000000000000000000000000000000000.000000 -10.732651
215.478362 76464730027219067000000000000000000000000000000000000000000000000000000000000000000000000000000000.000000 -10.610542
215.598308 63720608356015889000000000000000000000000000000000000000000000000000000000000000000000000000000000.000000 -11.008785
215.717261 53100506963346573000000000000000000000000000000000000000000000000000000000000000000000000000000000.000000 -10.840654
215.835049 44250422469455479000000000000000000000000000000000000000000000000000000000000000000000000000000000.000000 -11.033879
215.954251 36875352057879570000000000000000000000000000000000000000000000000000000000000000000000000000000000.000000 -10.861566
216.074386 30729460048232975000000000000000000000000000000000000000000000000000000000000000000000000000000000.000000 -10.717971
216.193961 25607883373527477000000000000000000000000000000000000000000000000000000000000000000000000000000000.000000 -11.098309
216.312368 21339902811272897000000000000000000000000000000000000000000000000000000000000000000000000000000000.000000 -10.915258
216.431477 17783252342727417000000000000000000000000000000000000000000000000000000000000000000000000000000000.000000 -10.762715
216.550850 14819376952272848000000000000000000000000000000000000000000000000000000000000000000000000000000000.000000 -11.135596
216.670120 12349480793560707000000000000000000000000000000000000000000000000000000000000000000000000000000000.000000 -11.112996
216.789122 10291233994633923000000000000000000000000000000000000000000000000000000000000000000000000000000000.000000 -11.094164
216.907763 8576028328861601800000000000000000000000000000000000000000000000000000000000000000000000000000000.000000 -10.911803
217.026586 7146690274051335200000000000000000000000000000000000000000000000000000000000000000000000000000000.000000 -11.093169
217.145118 5955575228376112800000000000000000000000000000000000000000000000000000000000000000000000000000000.000000 -10.910974
217.262970 4962979356980093800000000000000000000000000000000000000000000000000000000000000000000000000000000.000000 -10.592479
217.383080 4135816130816744600000000000000000000000000000000000000000000000000000000000000000000000000000000.000000 -10.493732
217.500976 3446513442347287000000000000000000000000000000000000000000000000000000000000000000000000000000000.000000 -10.244777
217.619181 2872094535289405900000000000000000000000000000000000000000000000000000000000000000000000000000000.000000 -10.037314
217.739126 2393412112741171600000000000000000000000000000000000000000000000000000000000000000000000000000000.000000 -9.864428
217.856746 1994510093950976300000000000000000000000000000000000000000000000000000000000000000000000000000000.000000 -9.887024
217.976906 1662091744959146900000000000000000000000000000000000000000000000000000000000000000000000000000000.000000 -9.739186
218.094877 1385076454132622400000000000000000000000000000000000000000000000000000000000000000000000000000000.000000 -9.782655
218.215041 1154230378443852000000000000000000000000000000000000000000000000000000000000000000000000000000000.000000 -9.818879
218.348193 961858648703209920000000000000000000000000000000000000000000000000000000000000000000000000000000.000000 -9.849066
218.469126 801548873919341600000000000000000000000000000000000000000000000000000000000000000000000000000000.000000 -9.874222
218.588061 667957394932784710000000000000000000000000000000000000000000000000000000000000000000000000000000.000000 -9.728518
218.706129 556631162443987240000000000000000000000000000000000000000000000000000000000000000000000000000000.000000 -9.773765
218.824150 463859302036656090000000000000000000000000000000000000000000000000000000000000000000000000000000.000000 -10.144804
218.942836 386549418363880100000000000000000000000000000000000000000000000000000000000000000000000000000000.000000 -10.620670
219.062627 322124515303233450000000000000000000000000000000000000000000000000000000000000000000000000000000.000000 -10.517225
219.180891 268437096086027880000000000000000000000000000000000000000000000000000000000000000000000000000000.000000 -10.764354
219.299674 223697580071689910000000000000000000000000000000000000000000000000000000000000000000000000000000.000000 -10.803629
219.420305 186414650059741570000000000000000000000000000000000000000000000000000000000000000000000000000000.000000 -10.669691
219.537730 155345541716451300000000000000000000000000000000000000000000000000000000000000000000000000000000.000000 -10.391409
219.656203 129454618097042760000000000000000000000000000000000000000000000000000000000000000000000000000000.000000 -10.659507
219.774246 107878848414202290000000000000000000000000000000000000000000000000000000000000000000000000000000.000000 -10.382923
219.907347 89899040345168568000000000000000000000000000000000000000000000000000000000000000000000000000000.000000 -9.819102
220.025902 74915866954307143000000000000000000000000000000000000000000000000000000000000000000000000000000.000000 -9.849252
220.159926 62429889128589281000000000000000000000000000000000000000000000000000000000000000000000000000000.000000 -9.874377
220.278154 52024907607157733000000000000000000000000000000000000000000000000000000000000000000000000000000.000000 -9.561980
220.396634 43354089672631444000000000000000000000000000000000000000000000000000000000000000000000000000000.000000 -9.634984
220.514348 36128408060526206000000000000000000000000000000000000000000000000000000000000000000000000000000.000000 -9.695820
220.633245 30107006717105174000000000000000000000000000000000000000000000000000000000000000000000000000000.000000 -9.579850
220.751635 25089172264254311000000000000000000000000000000000000000000000000000000000000000000000000000000.000000 -9.483208
220.871156 20907643553545261000000000000000000000000000000000000000000000000000000000000000000000000000000.000000 -9.402673
220.991514 17423036294621051000000000000000000000000000000000000000000000000000000000000000000000000000000.000000 -9.668895
221.110969 14519196912184210000000000000000000000000000000000000000000000000000000000000000000000000000000.000000 -9.390745
221.229498 12099330760153508000000000000000000000000000000000000000000000000000000000000000000000000000000.000000 -9.658955
221.347147 10082775633461257000000000000000000000000000000000000000000000000000000000000000000000000000000.000000 -9.382462
221.466548 8402313027884379800000000000000000000000000000000000000000000000000000000000000000000000000000.000000 -9.152052
221.583268 7001927523236983100000000000000000000000000000000000000000000000000000000000000000000000000000.000000 -9.293376
221.703910 5834939602697485500000000000000000000000000000000000000000000000000000000000000000000000000000.000000 -9.411147
221.822046 4862449668914571500000000000000000000000000000000000000000000000000000000000000000000000000000.000000 -9.342623
221.942097 4052041390762143000000000000000000000000000000000000000000000000000000000000000000000000000000.000000 -9.285519
222.060088 3376701158968452400000000000000000000000000000000000000000000000000000000000000000000000000000.000000 -9.237932
222.177148 2813917632473710400000000000000000000000000000000000000000000000000000000000000000000000000000.000000 -9.031610
222.297349 2344931360394758500000000000000000000000000000000000000000000000000000000000000000000000000000.000000 -9.193009
222.417229 1954109466995631900000000000000000000000000000000000000000000000000000000000000000000000000000.000000 -9.327507
222.535371 1628424555829693200000000000000000000000000000000000000000000000000000000000000000000000000000.000000 -9.439589
222.652735 1357020463191411000000000000000000000000000000000000000000000000000000000000000000000000000000.000000 -9.699658
222.773351 1130850385992842500000000000000000000000000000000000000000000000000000000000000000000000000000.000000 -9.583048
222.892650 942375321660702080000000000000000000000000000000000000000000000000000000000000000000000000000.000000 -9.652540
223.010346 785312768050585070000000000000000000000000000000000000000000000000000000000000000000000000000.000000 -9.543783
223.130855 654427306708820930000000000000000000000000000000000000000000000000000000000000000000000000000.000000 -9.453153
223.248180 545356088924017420000000000000000000000000000000000000000000000000000000000000000000000000000.000000 -9.377627
223.367892 454463407436681150000000000000000000000000000000000000000000000000000000000000000000000000000.000000 -9.314689
223.485522 378719506197234300000000000000000000000000000000000000000000000000000000000000000000000000000.000000 -9.595575
223.605984 315599588497695240000000000000000000000000000000000000000000000000000000000000000000000000000.000000 -9.329645
223.724366 262999657081412720000000000000000000000000000000000000000000000000000000000000000000000000000.000000 -9.108038
223.842729 219166380901177270000000000000000000000000000000000000000000000000000000000000000000000000000.000000 -9.256698
223.959563 182638650750981060000000000000000000000000000000000000000000000000000000000000000000000000000.000000 -8.880582
224.078710 152198875625817540000000000000000000000000000000000000000000000000000000000000000000000000000.000000 -8.900485
224.197241 126832396354847950000000000000000000000000000000000000000000000000000000000000000000000000000.000000 -8.917071
224.316104 105693663629039970000000000000000000000000000000000000000000000000000000000000000000000000000.000000 -8.930892
224.436530 88078053024199978000000000000000000000000000000000000000000000000000000000000000000000000000.000000 -8.942410
224.554272 73398377520166643000000000000000000000000000000000000000000000000000000000000000000000000000.000000 -8.452009
224.672413 61165314600138869000000000000000000000000000000000000000000000000000000000000000000000000000.000000 -8.043340
224.791142 50971095500115718000000000000000000000000000000000000000000000000000000000000000000000000000.000000 -7.536117
224.911677 42475912916763100000000000000000000000000000000000000000000000000000000000000000000000000000.000000 -7.946764
225.030903 35396594097302582000000000000000000000000000000000000000000000000000000000000000000000000000.000000 -3.622303
225.149759 29497161747752154000000000000000000000000000000000000000000000000000000000000000000000000000.000000 -3.685253
225.268233 24580968123126794000000000000000000000000000000000000000000000000000000000000000000000000000.000000 -4.071044
225.387746 20484140102605660000000000000000000000000000000000000000000000000000000000000000000000000000.000000 -4.559203
225.507315 17070116752171383000000000000000000000000000000000000000000000000000000000000000000000000000.000000 -4.966003
225.642817 14225097293476151000000000000000000000000000000000000000000000000000000000000000000000000000.000000 2.194998
225.761160 11854247744563459000000000000000000000000000000000000000000000000000000000000000000000000000.000000 7.162498
225.881599 9878539787136215900000000000000000000000000000000000000000000000000000000000000000000000000.000000 5.302082
226.000001 8232116489280178700000000000000000000000000000000000000000000000000000000000000000000000000.000000 3.418401
226.119846 6860097074400148900000000000000000000000000000000000000000000000000000000000000000000000000.000000 0.182001
226.238570 5716747562000124600000000000000000000000000000000000000000000000000000000000000000000000000.000000 -1.514999
226.357521 4763956301666770300000000000000000000000000000000000000000000000000000000000000000000000000.000000 -3.262499
226.477314 3969963584722308900000000000000000000000000000000000000000000000000000000000000000000000000.000000 -4.385416
226.595235 3308302987268590700000000000000000000000000000000000000000000000000000000000000000000000000.000000 -5.654513
226.711362 2756919156057158700000000000000000000000000000000000000000000000000000000000000000000000000.000000 -5.712094
226.831152 2297432630047632100000000000000000000000000000000000000000000000000000000000000000000000000.000000 -5.926745
226.950858 1914527191706360000000000000000000000000000000000000000000000000000000000000000000000000000.000000 -5.938954
227.070584 1595439326421966800000000000000000000000000000000000000000000000000000000000000000000000000.000000 -6.615795
227.188578 1329532772018305700000000000000000000000000000000000000000000000000000000000000000000000000.000000 -7.179829
227.307794 1107943976681921500000000000000000000000000000000000000000000000000000000000000000000000000.000000 -7.649858
227.425832 923286647234934550000000000000000000000000000000000000000000000000000000000000000000000000.000000 -8.208215
227.544196 769405539362445480000000000000000000000000000000000000000000000000000000000000000000000000.000000 -8.506846
227.662949 641171282802037920000000000000000000000000000000000000000000000000000000000000000000000000.000000 -8.755705
227.780525 534309402335031640000000000000000000000000000000000000000000000000000000000000000000000000.000000 -8.796421
227.899206 445257835279192990000000000000000000000000000000000000000000000000000000000000000000000000.000000 -9.163684
228.017642 371048196065994130000000000000000000000000000000000000000000000000000000000000000000000000.000000 -9.136403
228.136580 309206830054995080000000000000000000000000000000000000000000000000000000000000000000000000.000000 -8.947003
228.255477 257672358379162580000000000000000000000000000000000000000000000000000000000000000000000000.000000 -5.122502
228.374235 214726965315968810000000000000000000000000000000000000000000000000000000000000000000000000.000000 -5.435419
228.493077 178939137763307340000000000000000000000000000000000000000000000000000000000000000000000000.000000 -5.696182
228.612558 149115948136089450000000000000000000000000000000000000000000000000000000000000000000000000.000000 -6.746818
228.732257 124263290113407890000000000000000000000000000000000000000000000000000000000000000000000000.000000 -7.289015
228.866253 103552741761173240000000000000000000000000000000000000000000000000000000000000000000000000.000000 -15.740846
229.017272 86293951467644373000000000000000000000000000000000000000000000000000000000000000000000000.000000 -14.617372
229.167016 71911626223036980000000000000000000000000000000000000000000000000000000000000000000000000.000000 -13.847810
229.333222 59926355185864150000000000000000000000000000000000000000000000000000000000000000000000000.000000 -13.373175
229.497466 49938629321553457000000000000000000000000000000000000000000000000000000000000000000000000.000000 -20.310979
229.664179 41615524434627883000000000000000000000000000000000000000000000000000000000000000000000000.000000 -19.092483
229.844638 34679603695523235000000000000000000000000000000000000000000000000000000000000000000000000.000000 -18.077069
230.007824 28899669746269361000000000000000000000000000000000000000000000000000000000000000000000000.000000 -16.564224
230.158741 24083058121891134000000000000000000000000000000000000000000000000000000000000000000000000.000000 -15.970187
230.309356 20069215101575945000000000000000000000000000000000000000000000000000000000000000000000000.000000 -15.475156
230.444234 16724345917979954000000000000000000000000000000000000000000000000000000000000000000000000.000000 -15.229296
230.578006 13936954931649961000000000000000000000000000000000000000000000000000000000000000000000000.000000 -15.024414
230.696449 11614129109708301000000000000000000000000000000000000000000000000000000000000000000000000.000000 -2.520345
