-817.697021 21.034008 1502.000000
-820.326294 23.663260 1502.000000
-817.697021 23.663260 1502.000000
-820.326294 26.292513 1502.000000
-817.697021 26.292513 1502.000000
-820.326294 28.921761 1502.000000
-817.697021 28.921761 1502.000000
-820.326294 31.551014 1502.000000
-817.697021 31.551014 1502.000000
-820.326294 34.180260 1502.000000
-817.697021 34.180260 1502.000000
-820.326294 36.809517 1502.000000
-817.697021 36.809517 1502.000000
-820.326294 39.438766 1502.000000
-820.326294 42.068016 1502.000000
-820.326294 110.428543 1502.000000
-820.326294 113.057793 1502.000000
-820.326294 115.687042 1502.000000
-820.326294 118.316292 1502.000000
-820.326294 120.945541 1502.000000
-820.326294 123.574799 1502.000000
-820.326294 126.204056 1502.000000
-820.326294 128.833313 1502.000000
-820.326294 131.462555 1502.000000
-820.326294 134.091797 1502.000000
-820.326294 136.721039 1502.000000
-820.326294 139.350296 1502.000000
-820.326294 141.979553 1502.000000
-820.326294 144.608810 1502.000000
-820.326294 147.238068 1502.000000
-820.326294 157.755066 1502.000000
-820.326294 160.384308 1502.000000
-820.326294 163.013565 1502.000000
-820.326294 165.642807 1502.000000
-820.326294 168.272064 1502.000000
-817.697021 170.901306 1502.000000
-820.326294 173.530563 1502.000000
-820.326294 176.159821 1502.000000
-820.326294 178.789078 1502.000000
-820.326294 181.418335 1502.000000
-821.507874 -0.000000 1509.000000
-824.149353 2.641504 1509.000000
-824.149353 5.283009 1509.000000
-824.149353 7.924514 1509.000000
-818.866394 7.924514 1509.000000
-824.149353 15.849028 1509.000000
-821.507874 15.849028 1509.000000
-824.149353 18.490532 1509.000000
-821.507874 18.490532 1509.000000
-818.866394 21.132034 1509.000000
-818.866394 23.773540 1509.000000
-818.866394 26.415047 1509.000000
-816.224854 26.415047 1509.000000
-818.866394 29.056549 1509.000000
-816.224854 29.056549 1509.000000
-818.866394 31.698055 1509.000000
-818.866394 34.339558 1509.000000
-818.866394 36.981064 1509.000000
-821.507874 39.622566 1509.000000
-818.866394 39.622566 1509.000000
-821.507874 42.264069 1509.000000
-824.149353 44.905579 1509.000000
-821.507874 44.905579 1509.000000
-824.149353 47.547081 1509.000000
-824.149353 50.188583 1509.000000
-824.149353 76.603630 1509.000000
-824.149353 79.245132 1509.000000
-821.507874 79.245132 1509.000000
-824.149353 81.886642 1509.000000
-821.507874 81.886642 1509.000000
-824.149353 84.528137 1509.000000
-821.507874 84.528137 1509.000000
-824.149353 87.169647 1509.000000
-821.507874 87.169647 1509.000000
-824.149353 89.811157 1509.000000
-821.507874 89.811157 1509.000000
-824.149353 92.452660 1509.000000
-821.507874 92.452660 1509.000000
-818.866394 92.452660 1509.000000
-824.149353 95.094162 1509.000000
-821.507874 95.094162 1509.000000
-818.866394 95.094162 1509.000000
-824.149353 97.735664 1509.000000
-821.507874 97.735664 1509.000000
-818.866394 97.735664 1509.000000
-824.149353 100.377167 1509.000000
-821.507874 100.377167 1509.000000
-818.866394 100.377167 1509.000000
-824.149353 103.018669 1509.000000
-821.507874 103.018669 1509.000000
-818.866394 103.018669 1509.000000
-824.149353 105.660187 1509.000000
-821.507874 105.660187 1509.000000
-818.866394 105.660187 1509.000000
-824.149353 108.301682 1509.000000
-821.507874 108.301682 1509.000000
-818.866394 108.301682 1509.000000
-821.507874 110.943192 1509.000000
-818.866394 110.943192 1509.000000
-821.507874 113.584686 1509.000000
-818.866394 113.584686 1509.000000
-821.507874 116.226196 1509.000000
-818.866394 116.226196 1509.000000
-821.507874 118.867699 1509.000000
-821.507874 121.509201 1509.000000
-821.507874 124.150719 1509.000000
-821.507874 126.792221 1509.000000
-821.507874 129.433716 1509.000000
-821.507874 132.075226 1509.000000
-818.866394 132.075226 1509.000000
-821.507874 134.716736 1509.000000
-818.866394 134.716736 1509.000000
-821.507874 137.358231 1509.000000
-818.866394 137.358231 1509.000000
-821.507874 139.999725 1509.000000
-818.866394 139.999725 1509.000000
-816.224854 139.999725 1509.000000
-821.507874 142.641251 1509.000000
-818.866394 142.641251 1509.000000
-816.224854 142.641251 1509.000000
-813.583374 142.641251 1509.000000
-821.507874 145.282745 1509.000000
-818.866394 145.282745 1509.000000
-816.224854 145.282745 1509.000000
-821.507874 147.924255 1509.000000
-818.866394 147.924255 1509.000000
-824.149353 150.565765 1509.000000
-821.507874 150.565765 1509.000000
-818.866394 150.565765 1509.000000
-824.149353 153.207260 1509.000000
-821.507874 153.207260 1509.000000
-818.866394 153.207260 1509.000000
-824.149353 155.848755 1509.000000
-821.507874 155.848755 1509.000000
-818.866394 155.848755 1509.000000
-821.507874 158.490265 1509.000000
-818.866394 158.490265 1509.000000
-821.507874 161.131790 1509.000000
-821.507874 163.773285 1509.000000
-818.866394 163.773285 1509.000000
-821.507874 166.414780 1509.000000
-821.507874 169.056274 1509.000000
-818.866394 169.056274 1509.000000
-818.866394 171.697800 1509.000000
-821.507874 174.339294 1509.000000
-818.866394 174.339294 1509.000000
-821.507874 176.980789 1509.000000
-821.507874 179.622314 1509.000000
-821.507874 182.263809 1509.000000
-824.149353 184.905319 1509.000000
-821.507874 184.905319 1509.000000
-824.149353 187.546814 1509.000000
-824.149353 190.188324 1509.000000
-824.149353 192.829819 1509.000000
-824.149353 195.471329 1509.000000
-824.149353 198.112823 1509.000000
-824.149353 200.754333 1509.000000
-824.149353 203.395844 1509.000000
-816.818298 -7.956023 1515.000000
-814.166321 -7.956023 1515.000000
-811.514282 -7.956023 1515.000000
-824.774414 -5.304015 1515.000000
-822.122253 -5.304015 1515.000000
-819.470337 -5.304015 1515.000000
-816.818298 -5.304015 1515.000000
-814.166321 -5.304015 1515.000000
-811.514282 -5.304015 1515.000000
-808.862305 -5.304015 1515.000000
-824.774414 -2.652008 1515.000000
-822.122253 -2.652008 1515.000000
-819.470337 -2.652008 1515.000000
-816.818298 -2.652008 1515.000000
-814.166321 -2.652008 1515.000000
-811.514282 -2.652008 1515.000000
-808.862305 -2.652008 1515.000000
-822.122253 -0.000000 1515.000000
-819.470337 -0.000000 1515.000000
-816.818298 -0.000000 1515.000000
-814.166321 -0.000000 1515.000000
-811.514282 -0.000000 1515.000000
-808.862305 -0.000000 1515.000000
-824.774414 2.652008 1515.000000
-822.122253 2.652008 1515.000000
-819.470337 2.652008 1515.000000
-816.818298 2.652008 1515.000000
-814.166321 2.652008 1515.000000
-824.774414 5.304015 1515.000000
-822.122253 5.304015 1515.000000
-819.470337 5.304015 1515.000000
-816.818298 5.304015 1515.000000
-814.166321 5.304015 1515.000000
-824.774414 7.956023 1515.000000
-819.470337 7.956023 1515.000000
-816.818298 7.956023 1515.000000
-814.166321 7.956023 1515.000000
-827.426331 10.608030 1515.000000
-824.774414 10.608030 1515.000000
-822.122253 10.608030 1515.000000
-819.470337 10.608030 1515.000000
-816.818298 10.608030 1515.000000
-827.426331 13.260038 1515.000000
-824.774414 13.260038 1515.000000
-822.122253 13.260038 1515.000000
-819.470337 13.260038 1515.000000
-822.122253 15.912046 1515.000000
-819.470337 15.912046 1515.000000
-822.122253 18.564053 1515.000000
-819.470337 18.564053 1515.000000
-819.470337 21.216061 1515.000000
-816.818298 21.216061 1515.000000
-819.470337 23.868067 1515.000000
-816.818298 23.868067 1515.000000
-816.818298 26.520077 1515.000000
-816.818298 29.172083 1515.000000
-819.470337 31.824093 1515.000000
-816.818298 31.824093 1515.000000
-819.470337 34.476097 1515.000000
-816.818298 34.476097 1515.000000
-819.470337 37.128105 1515.000000
-816.818298 37.128105 1515.000000
-814.166321 37.128105 1515.000000
-819.470337 39.780113 1515.000000
-816.818298 39.780113 1515.000000
-814.166321 39.780113 1515.000000
-822.122253 42.432121 1515.000000
-819.470337 42.432121 1515.000000
-816.818298 42.432121 1515.000000
-822.122253 45.084129 1515.000000
-819.470337 45.084129 1515.000000
-824.774414 47.736134 1515.000000
-822.122253 47.736134 1515.000000
-819.470337 47.736134 1515.000000
-824.774414 50.388142 1515.000000
-822.122253 50.388142 1515.000000
-819.470337 50.388142 1515.000000
-827.426331 53.040154 1515.000000
-824.774414 53.040154 1515.000000
-822.122253 53.040154 1515.000000
-827.426331 55.692158 1515.000000
-824.774414 55.692158 1515.000000
-822.122253 55.692158 1515.000000
-827.426331 58.344166 1515.000000
-824.774414 58.344166 1515.000000
-822.122253 58.344166 1515.000000
-827.426331 60.996170 1515.000000
-824.774414 60.996170 1515.000000
-827.426331 63.648186 1515.000000
-824.774414 63.648186 1515.000000
-827.426331 66.300194 1515.000000
-824.774414 66.300194 1515.000000
-827.426331 68.952194 1515.000000
-824.774414 68.952194 1515.000000
-822.122253 68.952194 1515.000000
-819.470337 68.952194 1515.000000
-827.426331 71.604210 1515.000000
-824.774414 71.604210 1515.000000
-822.122253 71.604210 1515.000000
-819.470337 71.604210 1515.000000
-816.818298 71.604210 1515.000000
-827.426331 74.256210 1515.000000
-824.774414 74.256210 1515.000000
-822.122253 74.256210 1515.000000
-819.470337 74.256210 1515.000000
-816.818298 74.256210 1515.000000
-824.774414 76.908218 1515.000000
-822.122253 76.908218 1515.000000
-819.470337 76.908218 1515.000000
-816.818298 76.908218 1515.000000
-822.122253 79.560226 1515.000000
-819.470337 79.560226 1515.000000
-816.818298 79.560226 1515.000000
-822.122253 82.212242 1515.000000
-819.470337 82.212242 1515.000000
-816.818298 82.212242 1515.000000
-814.166321 82.212242 1515.000000
-822.122253 84.864243 1515.000000
-819.470337 84.864243 1515.000000
-816.818298 84.864243 1515.000000
-814.166321 84.864243 1515.000000
-822.122253 87.516251 1515.000000
-819.470337 87.516251 1515.000000
-816.818298 87.516251 1515.000000
-814.166321 87.516251 1515.000000
-822.122253 90.168259 1515.000000
-819.470337 90.168259 1515.000000
-816.818298 90.168259 1515.000000
-819.470337 92.820267 1515.000000
-816.818298 92.820267 1515.000000
-819.470337 95.472267 1515.000000
-816.818298 95.472267 1515.000000
-819.470337 98.124283 1515.000000
-816.818298 98.124283 1515.000000
-819.470337 100.776283 1515.000000
-816.818298 100.776283 1515.000000
-819.470337 103.428291 1515.000000
-816.818298 103.428291 1515.000000
-819.470337 106.080307 1515.000000
-816.818298 106.080307 1515.000000
-819.470337 108.732315 1515.000000
-816.818298 108.732315 1515.000000
-819.470337 111.384315 1515.000000
-816.818298 111.384315 1515.000000
-819.470337 114.036324 1515.000000
-816.818298 114.036324 1515.000000
-819.470337 116.688332 1515.000000
-816.818298 116.688332 1515.000000
-822.122253 119.340340 1515.000000
-822.122253 121.992340 1515.000000
-822.122253 124.644363 1515.000000
-822.122253 127.296371 1515.000000
-819.470337 127.296371 1515.000000
-822.122253 129.948380 1515.000000
-819.470337 129.948380 1515.000000
-816.818298 129.948380 1515.000000
-819.470337 132.600388 1515.000000
-816.818298 132.600388 1515.000000
-819.470337 135.252380 1515.000000
-816.818298 135.252380 1515.000000
-819.470337 137.904388 1515.000000
-816.818298 137.904388 1515.000000
-816.818298 140.556396 1515.000000
-814.166321 143.208420 1515.000000
-816.818298 145.860413 1515.000000
-814.166321 145.860413 1515.000000
-819.470337 148.512421 1515.000000
-816.818298 148.512421 1515.000000
-814.166321 148.512421 1515.000000
-819.470337 151.164429 1515.000000
-816.818298 151.164429 1515.000000
-814.166321 151.164429 1515.000000
-819.470337 153.816437 1515.000000
-816.818298 153.816437 1515.000000
-819.470337 156.468430 1515.000000
-816.818298 156.468430 1515.000000
-819.470337 159.120453 1515.000000
-816.818298 159.120453 1515.000000
-822.122253 161.772461 1515.000000
-819.470337 161.772461 1515.000000
-819.470337 164.424484 1515.000000
-822.122253 167.076477 1515.000000
-819.470337 167.076477 1515.000000
-819.470337 169.728485 1515.000000
-819.470337 172.380493 1515.000000
-819.470337 175.032501 1515.000000
-822.122253 177.684494 1515.000000
-819.470337 177.684494 1515.000000
-822.122253 180.336517 1515.000000
-819.470337 180.336517 1515.000000
-822.122253 182.988525 1515.000000
-819.470337 182.988525 1515.000000
-822.122253 185.640533 1515.000000
-824.774414 188.292526 1515.000000
-822.122253 188.292526 1515.000000
-824.774414 190.944534 1515.000000
-822.122253 190.944534 1515.000000
-824.774414 193.596542 1515.000000
-822.122253 193.596542 1515.000000
-824.774414 196.248566 1515.000000
-822.122253 196.248566 1515.000000
-824.774414 198.900558 1515.000000
-822.122253 198.900558 1515.000000
-824.774414 201.552567 1515.000000
-822.122253 201.552567 1515.000000
-824.774414 204.204575 1515.000000
-822.122253 204.204575 1515.000000
-827.426331 206.856583 1515.000000
-824.774414 206.856583 1515.000000
-822.122253 206.856583 1515.000000
-827.426331 209.508606 1515.000000
-824.774414 209.508606 1515.000000
-822.122253 209.508606 1515.000000
-819.470337 209.508606 1515.000000
-827.426331 212.160614 1515.000000
-824.774414 212.160614 1515.000000
-822.122253 212.160614 1515.000000
-819.470337 212.160614 1515.000000
-827.426331 214.812622 1515.000000
-824.774414 214.812622 1515.000000
-822.122253 214.812622 1515.000000
-819.470337 214.812622 1515.000000
-827.426331 217.464630 1515.000000
-824.774414 217.464630 1515.000000
-822.122253 217.464630 1515.000000
-819.470337 217.464630 1515.000000
-816.818298 217.464630 1515.000000
-827.426331 220.116623 1515.000000
-824.774414 220.116623 1515.000000
-822.122253 220.116623 1515.000000
-819.470337 220.116623 1515.000000
-816.818298 220.116623 1515.000000
-827.426331 222.768631 1515.000000
-824.774414 222.768631 1515.000000
-819.470337 222.768631 1515.000000
-827.426331 225.420639 1515.000000
-824.774414 225.420639 1515.000000
-822.122253 225.420639 1515.000000
-819.470337 225.420639 1515.000000
-816.818298 225.420639 1515.000000
-827.426331 228.072647 1515.000000
-824.774414 228.072647 1515.000000
-822.122253 228.072647 1515.000000
-819.470337 228.072647 1515.000000
-816.818298 228.072647 1515.000000
-827.426331 230.724655 1515.000000
-822.122253 230.724655 1515.000000
-816.818298 230.724655 1515.000000
-827.426331 233.376663 1515.000000
-824.774414 233.376663 1515.000000
-823.256653 -7.992784 1522.000000
-812.599609 -7.992784 1522.000000
-809.935303 -2.664261 1522.000000
-809.935303 -0.000000 1522.000000
-815.263794 2.664261 1522.000000
-812.599609 2.664261 1522.000000
-815.263794 5.328522 1522.000000
-812.599609 5.328522 1522.000000
-809.935303 5.328522 1522.000000
-815.263794 7.992784 1522.000000
-812.599609 7.992784 1522.000000
-809.935303 7.992784 1522.000000
-817.928162 10.657044 1522.000000
-815.263794 10.657044 1522.000000
-820.592346 13.321305 1522.000000
-817.928162 13.321305 1522.000000
-820.592346 15.985567 1522.000000
-817.928162 15.985567 1522.000000
-820.592346 18.649828 1522.000000
-817.928162 21.314089 1522.000000
-817.928162 23.978350 1522.000000
-815.263794 23.978350 1522.000000
-817.928162 26.642611 1522.000000
-815.263794 26.642611 1522.000000
-817.928162 29.306870 1522.000000
-815.263794 29.306870 1522.000000
-817.928162 31.971134 1522.000000
-815.263794 31.971134 1522.000000
-817.928162 34.635391 1522.000000
-815.263794 34.635391 1522.000000
-815.263794 37.299656 1522.000000
-815.263794 39.963913 1522.000000
-817.928162 42.628178 1522.000000
-815.263794 42.628178 1522.000000
-820.592346 45.292439 1522.000000
-817.928162 45.292439 1522.000000
-815.263794 45.292439 1522.000000
-820.592346 47.956699 1522.000000
-817.928162 47.956699 1522.000000
-815.263794 47.956699 1522.000000
-820.592346 50.620956 1522.000000
-817.928162 50.620956 1522.000000
-815.263794 50.620956 1522.000000
-823.256653 53.285221 1522.000000
-820.592346 53.285221 1522.000000
-817.928162 53.285221 1522.000000
-815.263794 53.285221 1522.000000
-823.256653 55.949482 1522.000000
-820.592346 55.949482 1522.000000
-817.928162 55.949482 1522.000000
-815.263794 55.949482 1522.000000
-823.256653 58.613739 1522.000000
-820.592346 58.613739 1522.000000
-817.928162 58.613739 1522.000000
-825.920898 61.278000 1522.000000
-823.256653 61.278000 1522.000000
-820.592346 61.278000 1522.000000
-825.920898 63.942268 1522.000000
-823.256653 63.942268 1522.000000
-820.592346 63.942268 1522.000000
-825.920898 66.606522 1522.000000
-823.256653 66.606522 1522.000000
-820.592346 66.606522 1522.000000
-817.928162 66.606522 1522.000000
-815.263794 66.606522 1522.000000
-820.592346 69.270782 1522.000000
-817.928162 69.270782 1522.000000
-815.263794 69.270782 1522.000000
-817.928162 71.935051 1522.000000
-815.263794 71.935051 1522.000000
-817.928162 74.599312 1522.000000
-815.263794 74.599312 1522.000000
-812.599609 74.599312 1522.000000
-817.928162 77.263573 1522.000000
-815.263794 77.263573 1522.000000
-812.599609 77.263573 1522.000000
-817.928162 79.927826 1522.000000
-815.263794 79.927826 1522.000000
-812.599609 79.927826 1522.000000
-815.263794 82.592094 1522.000000
-812.599609 82.592094 1522.000000
-815.263794 85.256355 1522.000000
-812.599609 85.256355 1522.000000
-815.263794 87.920616 1522.000000
-812.599609 87.920616 1522.000000
-817.928162 90.584877 1522.000000
-815.263794 90.584877 1522.000000
-817.928162 93.249138 1522.000000
-815.263794 93.249138 1522.000000
-817.928162 95.913399 1522.000000
-815.263794 95.913399 1522.000000
-817.928162 98.577660 1522.000000
-815.263794 98.577660 1522.000000
-817.928162 101.241913 1522.000000
-815.263794 101.241913 1522.000000
-817.928162 103.906174 1522.000000
-815.263794 103.906174 1522.000000
-817.928162 106.570442 1522.000000
-815.263794 106.570442 1522.000000
-817.928162 109.234703 1522.000000
-817.928162 111.898964 1522.000000
-815.263794 111.898964 1522.000000
-817.928162 114.563217 1522.000000
-815.263794 114.563217 1522.000000
-817.928162 117.227478 1522.000000
-823.256653 119.891739 1522.000000
-820.592346 119.891739 1522.000000
-817.928162 119.891739 1522.000000
-823.256653 122.556000 1522.000000
-820.592346 122.556000 1522.000000
-823.256653 125.220268 1522.000000
-820.592346 125.220268 1522.000000
-820.592346 127.884537 1522.000000
-817.928162 130.548798 1522.000000
-815.263794 130.548798 1522.000000
-817.928162 133.213043 1522.000000
-817.928162 135.877304 1522.000000
-817.928162 138.541565 1522.000000
-817.928162 141.205826 1522.000000
-815.263794 141.205826 1522.000000
-815.263794 143.870102 1522.000000
-815.263794 146.534348 1522.000000
-815.263794 149.198624 1522.000000
-812.599609 149.198624 1522.000000
-815.263794 151.862869 1522.000000
-817.928162 154.527145 1522.000000
-815.263794 154.527145 1522.000000
-817.928162 157.191391 1522.000000
-815.263794 157.191391 1522.000000
-817.928162 159.855652 1522.000000
-815.263794 159.855652 1522.000000
-820.592346 162.519928 1522.000000
-817.928162 162.519928 1522.000000
-815.263794 162.519928 1522.000000
-820.592346 165.184189 1522.000000
-817.928162 165.184189 1522.000000
-815.263794 165.184189 1522.000000
-820.592346 167.848434 1522.000000
-817.928162 167.848434 1522.000000
-820.592346 170.512711 1522.000000
-817.928162 170.512711 1522.000000
-820.592346 173.176956 1522.000000
-817.928162 173.176956 1522.000000
-820.592346 175.841232 1522.000000
-817.928162 175.841232 1522.000000
-820.592346 178.505478 1522.000000
-817.928162 178.505478 1522.000000
-820.592346 181.169754 1522.000000
-817.928162 181.169754 1522.000000
-820.592346 183.834015 1522.000000
-817.928162 183.834015 1522.000000
-823.256653 186.498276 1522.000000
-820.592346 186.498276 1522.000000
-823.256653 189.162537 1522.000000
-820.592346 189.162537 1522.000000
-823.256653 191.826797 1522.000000
-820.592346 191.826797 1522.000000
-823.256653 194.491043 1522.000000
-820.592346 194.491043 1522.000000
-823.256653 197.155319 1522.000000
-820.592346 197.155319 1522.000000
-823.256653 199.819565 1522.000000
-820.592346 199.819565 1522.000000
-823.256653 202.483826 1522.000000
-820.592346 202.483826 1522.000000
-823.256653 205.148087 1522.000000
-820.592346 205.148087 1522.000000
-817.928162 205.148087 1522.000000
-823.256653 207.812347 1522.000000
-820.592346 207.812347 1522.000000
-817.928162 207.812347 1522.000000
-815.263794 207.812347 1522.000000
-820.592346 210.476639 1522.000000
-817.928162 210.476639 1522.000000
-815.263794 210.476639 1522.000000
-812.599609 210.476639 1522.000000
-820.592346 213.140884 1522.000000
-817.928162 213.140884 1522.000000
-815.263794 213.140884 1522.000000
-812.599609 213.140884 1522.000000
-820.592346 215.805145 1522.000000
-817.928162 215.805145 1522.000000
-815.263794 215.805145 1522.000000
-812.599609 215.805145 1522.000000
-817.928162 218.469406 1522.000000
-815.263794 218.469406 1522.000000
-812.599609 218.469406 1522.000000
-817.928162 221.133667 1522.000000
-815.263794 221.133667 1522.000000
-825.920898 223.797928 1522.000000
-820.592346 223.797928 1522.000000
-817.928162 223.797928 1522.000000
-815.263794 223.797928 1522.000000
-817.928162 226.462189 1522.000000
-815.263794 226.462189 1522.000000
-817.928162 229.126434 1522.000000
-815.263794 229.126434 1522.000000
-828.585144 231.790710 1522.000000
-815.263794 231.790710 1522.000000
-813.660461 2.676515 1529.000000
-810.983948 5.353029 1529.000000
-810.983948 8.029544 1529.000000
-816.336975 10.706059 1529.000000
-813.660461 10.706059 1529.000000
-810.983948 10.706059 1529.000000
-819.013489 13.382574 1529.000000
-816.336975 13.382574 1529.000000
-810.983948 13.382574 1529.000000
-819.013489 16.059088 1529.000000
-821.690002 18.735603 1529.000000
-819.013489 18.735603 1529.000000
-819.013489 21.412117 1529.000000
-816.336975 24.088633 1529.000000
-813.660461 24.088633 1529.000000
-816.336975 26.765148 1529.000000
-816.336975 29.441660 1529.000000
-816.336975 32.118176 1529.000000
-816.336975 34.794689 1529.000000
-816.336975 37.471207 1529.000000
-816.336975 40.147717 1529.000000
-816.336975 42.824234 1529.000000
-816.336975 45.500751 1529.000000
-816.336975 48.177265 1529.000000
-816.336975 50.853779 1529.000000
-816.336975 53.530296 1529.000000
-816.336975 56.206806 1529.000000
-819.013489 58.883320 1529.000000
-816.336975 58.883320 1529.000000
-821.690002 61.559834 1529.000000
-819.013489 61.559834 1529.000000
-816.336975 61.559834 1529.000000
-821.690002 64.236351 1529.000000
-819.013489 64.236351 1529.000000
-816.336975 66.912865 1529.000000
-816.336975 69.589378 1529.000000
-816.336975 72.265900 1529.000000
-813.660461 72.265900 1529.000000
-813.660461 74.942413 1529.000000
-813.660461 77.618927 1529.000000
-813.660461 80.295433 1529.000000
-813.660461 82.971954 1529.000000
-813.660461 85.648468 1529.000000
-813.660461 88.324982 1529.000000
-816.336975 91.001503 1529.000000
-816.336975 93.678009 1529.000000
-816.336975 96.354530 1529.000000
-816.336975 99.031036 1529.000000
-816.336975 101.707558 1529.000000
-816.336975 104.384064 1529.000000
-816.336975 107.060593 1529.000000
-819.013489 109.737106 1529.000000
-816.336975 112.413612 1529.000000
-816.336975 115.090134 1529.000000
-819.013489 117.766640 1529.000000
-819.013489 120.443161 1529.000000
-821.690002 123.119667 1529.000000
-819.013489 123.119667 1529.000000
-821.690002 125.796196 1529.000000
-819.013489 125.796196 1529.000000
-821.690002 128.472702 1529.000000
-819.013489 128.472702 1529.000000
-819.013489 133.825729 1529.000000
-819.013489 136.502258 1529.000000
-819.013489 139.178757 1529.000000
-816.336975 141.855270 1529.000000
-816.336975 144.531799 1529.000000
-816.336975 147.208298 1529.000000
-813.660461 149.884827 1529.000000
-816.336975 152.561340 1529.000000
-816.336975 155.237854 1529.000000
-816.336975 157.914352 1529.000000
-816.336975 160.590866 1529.000000
-816.336975 165.943909 1529.000000
-819.013489 168.620422 1529.000000
-819.013489 171.296936 1529.000000
-819.013489 173.973450 1529.000000
-819.013489 176.649963 1529.000000
-819.013489 179.326477 1529.000000
-819.013489 182.003006 1529.000000
-819.013489 184.679504 1529.000000
-816.336975 184.679504 1529.000000
-821.690002 187.356018 1529.000000
-819.013489 187.356018 1529.000000
-816.336975 187.356018 1529.000000
-821.690002 190.032547 1529.000000
-819.013489 190.032547 1529.000000
-821.690002 192.709061 1529.000000
-819.013489 192.709061 1529.000000
-816.336975 192.709061 1529.000000
-821.690002 195.385559 1529.000000
-819.013489 195.385559 1529.000000
-816.336975 195.385559 1529.000000
-821.690002 198.062073 1529.000000
-819.013489 198.062073 1529.000000
-816.336975 198.062073 1529.000000
-821.690002 200.738586 1529.000000
-819.013489 200.738586 1529.000000
-816.336975 200.738586 1529.000000
-821.690002 203.415115 1529.000000
-819.013489 203.415115 1529.000000
-816.336975 203.415115 1529.000000
-819.013489 206.091614 1529.000000
-816.336975 206.091614 1529.000000
-816.336975 208.768127 1529.000000
-813.660461 211.444672 1529.000000
-813.660461 214.121185 1529.000000
-813.660461 216.797699 1529.000000
-813.660461 219.474213 1529.000000
-816.336975 222.150726 1529.000000
-816.336975 224.827225 1529.000000
-816.336975 227.503754 1529.000000
-816.336975 230.180267 1529.000000
-793.186584 -21.510145 1536.000000
-787.809082 -21.510145 1536.000000
-793.186584 -10.755073 1536.000000
-790.497803 -10.755073 1536.000000
-793.186584 -8.066305 1536.000000
-790.497803 -8.066305 1536.000000
-793.186584 -5.377536 1536.000000
-790.497803 -5.377536 1536.000000
-787.809082 -5.377536 1536.000000
-793.186584 -2.688768 1536.000000
-790.497803 -2.688768 1536.000000
-793.186584 -0.000000 1536.000000
-790.497803 -0.000000 1536.000000
-814.696716 2.688768 1536.000000
-812.007935 5.377536 1536.000000
-812.007935 8.066305 1536.000000
-812.007935 10.755073 1536.000000
-817.385498 13.443841 1536.000000
-812.007935 13.443841 1536.000000
-820.074280 16.132610 1536.000000
-817.385498 16.132610 1536.000000
-814.696716 16.132610 1536.000000
-812.007935 16.132610 1536.000000
-820.074280 18.821377 1536.000000
-817.385498 18.821377 1536.000000
-814.696716 18.821377 1536.000000
-812.007935 18.821377 1536.000000
-820.074280 21.510145 1536.000000
-817.385498 21.510145 1536.000000
-814.696716 21.510145 1536.000000
-812.007935 21.510145 1536.000000
-814.696716 24.198912 1536.000000
-812.007935 24.198912 1536.000000
-817.385498 26.887682 1536.000000
-814.696716 26.887682 1536.000000
-812.007935 26.887682 1536.000000
-809.319214 26.887682 1536.000000
-817.385498 32.265221 1536.000000
-817.385498 34.953987 1536.000000
-817.385498 37.642754 1536.000000
-817.385498 40.331520 1536.000000
-817.385498 43.020290 1536.000000
-817.385498 45.709057 1536.000000
-817.385498 48.397823 1536.000000
-817.385498 51.086594 1536.000000
-814.696716 51.086594 1536.000000
-817.385498 53.775364 1536.000000
-814.696716 53.775364 1536.000000
-817.385498 56.464130 1536.000000
-817.385498 59.152897 1536.000000
-820.074280 64.530441 1536.000000
-817.385498 67.219208 1536.000000
-817.385498 69.907974 1536.000000
-814.696716 72.596741 1536.000000
-812.007935 72.596741 1536.000000
-814.696716 75.285507 1536.000000
-814.696716 77.974274 1536.000000
-814.696716 80.663040 1536.000000
-814.696716 83.351814 1536.000000
-814.696716 86.040581 1536.000000
-814.696716 88.729347 1536.000000
-817.385498 91.418114 1536.000000
-817.385498 94.106880 1536.000000
-817.385498 96.795647 1536.000000
-817.385498 99.484421 1536.000000
-817.385498 102.173187 1536.000000
-817.385498 104.861954 1536.000000
-820.074280 110.239502 1536.000000
-817.385498 112.928261 1536.000000
-817.385498 115.617027 1536.000000
-820.074280 118.305794 1536.000000
-820.074280 120.994560 1536.000000
-817.385498 120.994560 1536.000000
-820.074280 123.683327 1536.000000
-820.074280 126.372101 1536.000000
-820.074280 129.060883 1536.000000
-820.074280 131.749649 1536.000000
-820.074280 134.438416 1536.000000
-817.385498 134.438416 1536.000000
-820.074280 137.127182 1536.000000
-817.385498 137.127182 1536.000000
-820.074280 139.815948 1536.000000
-817.385498 139.815948 1536.000000
-817.385498 145.193481 1536.000000
-817.385498 147.882248 1536.000000
-814.696716 147.882248 1536.000000
-814.696716 150.571014 1536.000000
-817.385498 153.259781 1536.000000
-814.696716 153.259781 1536.000000
-817.385498 155.948547 1536.000000
-817.385498 158.637314 1536.000000
-817.385498 161.326080 1536.000000
-814.696716 161.326080 1536.000000
-820.074280 164.014862 1536.000000
-817.385498 164.014862 1536.000000
-814.696716 164.014862 1536.000000
-817.385498 166.703629 1536.000000
-814.696716 166.703629 1536.000000
-820.074280 169.392395 1536.000000
-817.385498 169.392395 1536.000000
-820.074280 172.081161 1536.000000
-820.074280 174.769928 1536.000000
-820.074280 177.458694 1536.000000
-820.074280 180.147461 1536.000000
-817.385498 180.147461 1536.000000
-820.074280 182.836227 1536.000000
-817.385498 182.836227 1536.000000
-817.385498 185.524994 1536.000000
-817.385498 188.213760 1536.000000
-820.074280 190.902527 1536.000000
-817.385498 190.902527 1536.000000
-817.385498 193.591293 1536.000000
-817.385498 196.280060 1536.000000
-817.385498 198.968842 1536.000000
-817.385498 201.657608 1536.000000
-817.385498 204.346375 1536.000000
-817.385498 207.035141 1536.000000
-817.385498 209.723907 1536.000000
-814.696716 209.723907 1536.000000
-814.696716 215.101456 1536.000000
-814.696716 217.790237 1536.000000
-814.696716 220.479004 1536.000000
-817.385498 223.167755 1536.000000
-817.385498 225.856522 1536.000000
-817.385498 228.545288 1536.000000
-817.385498 231.234055 1536.000000
-798.984253 -24.293442 1542.000000
-796.285034 -24.293442 1542.000000
-793.585693 -24.293442 1542.000000
-798.984253 -21.594168 1542.000000
-793.585693 -21.594168 1542.000000
-798.984253 -18.894897 1542.000000
-793.585693 -18.894897 1542.000000
-796.285034 -16.195627 1542.000000
-793.585693 -16.195627 1542.000000
-790.886475 -16.195627 1542.000000
-796.285034 -13.496356 1542.000000
-793.585693 -13.496356 1542.000000
-798.984253 -10.797084 1542.000000
-801.683533 -8.097814 1542.000000
-798.984253 -8.097814 1542.000000
-790.886475 -8.097814 1542.000000
-801.683533 -5.398542 1542.000000
-798.984253 -5.398542 1542.000000
-804.382813 -2.699271 1542.000000
-801.683533 -2.699271 1542.000000
-798.984253 -2.699271 1542.000000
-790.886475 -2.699271 1542.000000
-817.879211 -0.000000 1542.000000
-815.179871 -0.000000 1542.000000
-812.480652 -0.000000 1542.000000
-809.781311 -0.000000 1542.000000
-804.382813 -0.000000 1542.000000
-801.683533 -0.000000 1542.000000
-798.984253 -0.000000 1542.000000
-790.886475 -0.000000 1542.000000
-815.179871 2.699271 1542.000000
-812.480652 2.699271 1542.000000
-809.781311 2.699271 1542.000000
-801.683533 2.699271 1542.000000
-798.984253 2.699271 1542.000000
-796.285034 2.699271 1542.000000
-793.585693 2.699271 1542.000000
-790.886475 2.699271 1542.000000
-812.480652 5.398542 1542.000000
-809.781311 5.398542 1542.000000
-801.683533 5.398542 1542.000000
-790.886475 5.398542 1542.000000
-812.480652 8.097814 1542.000000
-809.781311 8.097814 1542.000000
-812.480652 10.797084 1542.000000
-812.480652 13.496356 1542.000000
-812.480652 16.195627 1542.000000
-812.480652 18.894897 1542.000000
-812.480652 21.594168 1542.000000
-812.480652 24.293442 1542.000000
-809.781311 26.992712 1542.000000
-820.578369 29.691982 1542.000000
-817.879211 29.691982 1542.000000
-815.179871 29.691982 1542.000000
-812.480652 29.691982 1542.000000
-809.781311 29.691982 1542.000000
-817.879211 32.391254 1542.000000
-815.179871 32.391254 1542.000000
-812.480652 32.391254 1542.000000
-809.781311 32.391254 1542.000000
-817.879211 35.090527 1542.000000
-815.179871 35.090527 1542.000000
-812.480652 35.090527 1542.000000
-809.781311 35.090527 1542.000000
-817.879211 37.789795 1542.000000
-815.179871 37.789795 1542.000000
-812.480652 37.789795 1542.000000
-809.781311 37.789795 1542.000000
-817.879211 40.489067 1542.000000
-815.179871 40.489067 1542.000000
-812.480652 40.489067 1542.000000
-809.781311 40.489067 1542.000000
-817.879211 43.188335 1542.000000
-815.179871 43.188335 1542.000000
-812.480652 43.188335 1542.000000
-817.879211 45.887611 1542.000000
-815.179871 45.887611 1542.000000
-817.879211 48.586884 1542.000000
-815.179871 51.286148 1542.000000
-815.179871 53.985424 1542.000000
-817.879211 56.684696 1542.000000
-815.179871 56.684696 1542.000000
-817.879211 59.383965 1542.000000
-815.179871 59.383965 1542.000000
-812.480652 59.383965 1542.000000
-820.578369 62.083233 1542.000000
-817.879211 62.083233 1542.000000
-815.179871 62.083233 1542.000000
-812.480652 62.083233 1542.000000
-820.578369 64.782509 1542.000000
-817.879211 64.782509 1542.000000
-815.179871 64.782509 1542.000000
-817.879211 67.481781 1542.000000
-815.179871 67.481781 1542.000000
-812.480652 67.481781 1542.000000
-817.879211 70.181053 1542.000000
-815.179871 70.181053 1542.000000
-812.480652 70.181053 1542.000000
-812.480652 72.880325 1542.000000
-815.179871 75.579590 1542.000000
-815.179871 78.278862 1542.000000
-815.179871 80.978134 1542.000000
-815.179871 83.677414 1542.000000
-815.179871 86.376671 1542.000000
-815.179871 89.075943 1542.000000
-817.879211 91.775223 1542.000000
-815.179871 91.775223 1542.000000
-817.879211 94.474495 1542.000000
-817.879211 97.173767 1542.000000
-815.179871 97.173767 1542.000000
-817.879211 99.873032 1542.000000
-817.879211 102.572296 1542.000000
-815.179871 102.572296 1542.000000
-817.879211 105.271568 1542.000000
-815.179871 105.271568 1542.000000
-820.578369 107.970848 1542.000000
-817.879211 107.970848 1542.000000
-815.179871 107.970848 1542.000000
-820.578369 110.670120 1542.000000
-817.879211 110.670120 1542.000000
-815.179871 110.670120 1542.000000
-817.879211 113.369392 1542.000000
-815.179871 113.369392 1542.000000
-812.480652 113.369392 1542.000000
-817.879211 116.068665 1542.000000
-815.179871 116.068665 1542.000000
-812.480652 116.068665 1542.000000
-820.578369 118.767929 1542.000000
-817.879211 118.767929 1542.000000
-817.879211 121.467201 1542.000000
-815.179871 121.467201 1542.000000
-812.480652 121.467201 1542.000000
-820.578369 124.166466 1542.000000
-817.879211 124.166466 1542.000000
-820.578369 126.865746 1542.000000
-817.879211 126.865746 1542.000000
-820.578369 129.565018 1542.000000
-817.879211 129.565018 1542.000000
-820.578369 132.264282 1542.000000
-817.879211 132.264282 1542.000000
-817.879211 134.963562 1542.000000
-817.879211 137.662827 1542.000000
-817.879211 140.362106 1542.000000
-820.578369 143.061371 1542.000000
-817.879211 143.061371 1542.000000
-817.879211 145.760651 1542.000000
-815.179871 148.459915 1542.000000
-815.179871 151.159180 1542.000000
-815.179871 153.858459 1542.000000
-817.879211 156.557724 1542.000000
-815.179871 156.557724 1542.000000
-817.879211 159.256989 1542.000000
-815.179871 159.256989 1542.000000
-815.179871 161.956268 1542.000000
-815.179871 164.655548 1542.000000
-815.179871 167.354828 1542.000000
-817.879211 170.054092 1542.000000
-815.179871 170.054092 1542.000000
-820.578369 172.753342 1542.000000
-817.879211 172.753342 1542.000000
-820.578369 175.452621 1542.000000
-817.879211 175.452621 1542.000000
-820.578369 178.151886 1542.000000
-817.879211 178.151886 1542.000000
-817.879211 180.851166 1542.000000
-817.879211 183.550446 1542.000000
-817.879211 186.249725 1542.000000
-817.879211 188.948990 1542.000000
-817.879211 191.648254 1542.000000
-817.879211 194.347534 1542.000000
-817.879211 197.046783 1542.000000
-817.879211 199.746063 1542.000000
-817.879211 202.445328 1542.000000
-817.879211 205.144592 1542.000000
-817.879211 207.843872 1542.000000
-817.879211 213.242432 1542.000000
-817.879211 224.039505 1542.000000
-817.879211 226.738785 1542.000000
-817.879211 229.438049 1542.000000
-815.179871 229.438049 1542.000000
-817.879211 232.137329 1542.000000
-805.322815 -24.403721 1549.000000
-805.322815 -21.692198 1549.000000
-805.322815 -18.980673 1549.000000
-808.034302 -16.269148 1549.000000
-805.322815 -16.269148 1549.000000
-802.611267 -16.269148 1549.000000
-791.765137 -16.269148 1549.000000
-808.034302 -13.557624 1549.000000
-805.322815 -13.557624 1549.000000
-802.611267 -13.557624 1549.000000
-794.476746 -13.557624 1549.000000
-791.765137 -13.557624 1549.000000
-808.034302 -10.846099 1549.000000
-805.322815 -10.846099 1549.000000
-794.476746 -10.846099 1549.000000
-791.765137 -10.846099 1549.000000
-808.034302 -8.134574 1549.000000
-791.765137 -8.134574 1549.000000
-808.034302 -5.423049 1549.000000
-791.765137 -2.711525 1549.000000
-789.053650 -2.711525 1549.000000
-791.765137 -0.000000 1549.000000
-789.053650 -0.000000 1549.000000
-810.745911 2.711525 1549.000000
-808.034302 2.711525 1549.000000
-810.745911 5.423049 1549.000000
-808.034302 5.423049 1549.000000
-802.611267 5.423049 1549.000000
-799.899841 5.423049 1549.000000
-797.188232 5.423049 1549.000000
-810.745911 8.134574 1549.000000
-808.034302 8.134574 1549.000000
-805.322815 8.134574 1549.000000
-802.611267 8.134574 1549.000000
-813.457397 10.846099 1549.000000
-813.457397 13.557624 1549.000000
-813.457397 18.980673 1549.000000
-813.457397 21.692198 1549.000000
-813.457397 24.403721 1549.000000
-810.745911 27.115248 1549.000000
-810.745911 29.826769 1549.000000
-810.745911 32.538296 1549.000000
-810.745911 35.249817 1549.000000
-808.034302 35.249817 1549.000000
-810.745911 37.961346 1549.000000
-808.034302 37.961346 1549.000000
-810.745911 40.672867 1549.000000
-808.034302 40.672867 1549.000000
-813.457397 43.384396 1549.000000
-810.745911 43.384396 1549.000000
-808.034302 43.384396 1549.000000
-816.168884 46.095921 1549.000000
-813.457397 46.095921 1549.000000
-810.745911 46.095921 1549.000000
-808.034302 46.095921 1549.000000
-818.880432 48.807442 1549.000000
-816.168884 48.807442 1549.000000
-813.457397 48.807442 1549.000000
-810.745911 48.807442 1549.000000
-816.168884 51.518967 1549.000000
-813.457397 51.518967 1549.000000
-810.745911 51.518967 1549.000000
-816.168884 54.230495 1549.000000
-813.457397 54.230495 1549.000000
-810.745911 54.230495 1549.000000
-816.168884 56.942020 1549.000000
-813.457397 56.942020 1549.000000
-813.457397 59.653538 1549.000000
-813.457397 62.365063 1549.000000
-816.168884 65.076591 1549.000000
-813.457397 65.076591 1549.000000
-813.457397 67.788116 1549.000000
-813.457397 70.499634 1549.000000
-813.457397 73.211174 1549.000000
-816.168884 75.922691 1549.000000
-816.168884 78.634209 1549.000000
-813.457397 78.634209 1549.000000
-816.168884 81.345734 1549.000000
-816.168884 84.057266 1549.000000
-816.168884 86.768791 1549.000000
-816.168884 89.480309 1549.000000
-816.168884 92.191841 1549.000000
-818.880432 94.903366 1549.000000
-816.168884 94.903366 1549.000000
-816.168884 97.614883 1549.000000
-813.457397 97.614883 1549.000000
-818.880432 100.326408 1549.000000
-816.168884 100.326408 1549.000000
-813.457397 100.326408 1549.000000
-816.168884 103.037933 1549.000000
-813.457397 103.037933 1549.000000
-810.745911 103.037933 1549.000000
-816.168884 105.749458 1549.000000
-813.457397 105.749458 1549.000000
-810.745911 105.749458 1549.000000
-816.168884 108.460991 1549.000000
-813.457397 108.460991 1549.000000
-810.745911 108.460991 1549.000000
-816.168884 111.172516 1549.000000
-813.457397 111.172516 1549.000000
-810.745911 111.172516 1549.000000
-813.457397 113.884041 1549.000000
-810.745911 113.884041 1549.000000
-813.457397 116.595558 1549.000000
-810.745911 116.595558 1549.000000
-818.880432 119.307076 1549.000000
-816.168884 119.307076 1549.000000
-813.457397 119.307076 1549.000000
-813.457397 122.018608 1549.000000
-818.880432 124.730125 1549.000000
-816.168884 124.730125 1549.000000
-813.457397 124.730125 1549.000000
-818.880432 127.441658 1549.000000
-816.168884 127.441658 1549.000000
-818.880432 130.153183 1549.000000
-816.168884 130.153183 1549.000000
-818.880432 132.864716 1549.000000
-816.168884 132.864716 1549.000000
-818.880432 135.576233 1549.000000
-816.168884 135.576233 1549.000000
-818.880432 138.287750 1549.000000
-816.168884 138.287750 1549.000000
-818.880432 140.999268 1549.000000
-816.168884 140.999268 1549.000000
-818.880432 143.710800 1549.000000
-818.880432 146.422348 1549.000000
-816.168884 146.422348 1549.000000
-816.168884 149.133865 1549.000000
-813.457397 149.133865 1549.000000
-816.168884 151.845383 1549.000000
-813.457397 151.845383 1549.000000
-816.168884 154.556900 1549.000000
-816.168884 157.268417 1549.000000
-816.168884 159.979950 1549.000000
-816.168884 162.691467 1549.000000
-813.457397 162.691467 1549.000000
-816.168884 165.403015 1549.000000
-813.457397 165.403015 1549.000000
-816.168884 168.114532 1549.000000
-813.457397 168.114532 1549.000000
-816.168884 170.826050 1549.000000
-813.457397 170.826050 1549.000000
-818.880432 173.537582 1549.000000
-816.168884 173.537582 1549.000000
-813.457397 173.537582 1549.000000
-818.880432 176.249100 1549.000000
-816.168884 176.249100 1549.000000
-818.880432 178.960617 1549.000000
-816.168884 178.960617 1549.000000
-813.457397 178.960617 1549.000000
-818.880432 181.672134 1549.000000
-816.168884 181.672134 1549.000000
-813.457397 181.672134 1549.000000
-818.880432 184.383682 1549.000000
-816.168884 184.383682 1549.000000
-818.880432 187.095215 1549.000000
-816.168884 187.095215 1549.000000
-818.880432 189.806732 1549.000000
-816.168884 189.806732 1549.000000
-818.880432 192.518250 1549.000000
-816.168884 192.518250 1549.000000
-818.880432 195.229767 1549.000000
-816.168884 195.229767 1549.000000
-818.880432 197.941284 1549.000000
-816.168884 197.941284 1549.000000
-818.880432 200.652817 1549.000000
-816.168884 200.652817 1549.000000
-818.880432 203.364349 1549.000000
-818.880432 206.075867 1549.000000
-816.168884 206.075867 1549.000000
-818.880432 208.787384 1549.000000
-818.880432 211.498917 1549.000000
-818.880432 214.210449 1549.000000
-818.880432 216.921982 1549.000000
-818.880432 219.633499 1549.000000
-818.880432 222.345032 1549.000000
-818.880432 225.056549 1549.000000
-818.880432 227.768082 1549.000000
-818.880432 233.191116 1549.000000
-818.880432 235.902634 1549.000000
-814.409668 10.895113 1556.000000
-808.962097 10.895113 1556.000000
-817.133423 16.342670 1556.000000
-814.409668 24.514002 1556.000000
-811.685852 29.961557 1556.000000
-811.685852 32.685341 1556.000000
-808.962097 35.409115 1556.000000
-808.962097 38.132896 1556.000000
-808.962097 40.856670 1556.000000
-808.962097 43.580452 1556.000000
-811.685852 49.028004 1556.000000
-811.685852 51.751781 1556.000000
-811.685852 54.475563 1556.000000
-814.409668 57.199341 1556.000000
-814.409668 59.923115 1556.000000
-814.409668 62.646896 1556.000000
-814.409668 65.370682 1556.000000
-814.409668 68.094452 1556.000000
-814.409668 70.818230 1556.000000
-814.409668 73.542015 1556.000000
-817.133423 76.265793 1556.000000
-814.409668 78.989563 1556.000000
-817.133423 81.713341 1556.000000
-817.133423 84.437126 1556.000000
-817.133423 87.160904 1556.000000
-814.409668 87.160904 1556.000000
-817.133423 89.884674 1556.000000
-817.133423 92.608459 1556.000000
-814.409668 92.608459 1556.000000
-817.133423 95.332237 1556.000000
-814.409668 95.332237 1556.000000
-814.409668 98.056007 1556.000000
-814.409668 100.779785 1556.000000
-811.685852 103.503563 1556.000000
-811.685852 106.227341 1556.000000
-811.685852 108.951126 1556.000000
-811.685852 111.674904 1556.000000
-808.962097 111.674904 1556.000000
-811.685852 114.398682 1556.000000
-811.685852 117.122459 1556.000000
-814.409668 119.846230 1556.000000
-814.409668 122.570007 1556.000000
-814.409668 125.293793 1556.000000
-817.133423 128.017578 1556.000000
-817.133423 130.741364 1556.000000
-817.133423 133.465134 1556.000000
-817.133423 136.188904 1556.000000
-814.409668 136.188904 1556.000000
-817.133423 138.912674 1556.000000
-817.133423 141.636459 1556.000000
-819.857239 144.360229 1556.000000
-817.133423 144.360229 1556.000000
-817.133423 147.084030 1556.000000
-814.409668 147.084030 1556.000000
-814.409668 149.807800 1556.000000
-814.409668 152.531586 1556.000000
-817.133423 155.255341 1556.000000
-814.409668 155.255341 1556.000000
-817.133423 157.979126 1556.000000
-814.409668 157.979126 1556.000000
-817.133423 160.702896 1556.000000
-814.409668 160.702896 1556.000000
-814.409668 163.426682 1556.000000
-814.409668 166.150467 1556.000000
-814.409668 168.874252 1556.000000
-814.409668 174.321808 1556.000000
-817.133423 177.045563 1556.000000
-817.133423 185.216919 1556.000000
-817.133423 187.940689 1556.000000
-817.133423 190.664474 1556.000000
-817.133423 193.388245 1556.000000
-819.857239 204.283356 1556.000000
-817.133423 207.007126 1556.000000
-819.857239 209.730911 1556.000000
-819.857239 212.454681 1556.000000
-819.857239 215.178482 1556.000000
-819.857239 217.902252 1556.000000
-819.857239 220.626022 1556.000000
-819.857239 223.349808 1556.000000
-819.857239 226.073578 1556.000000
-819.857239 228.797363 1556.000000
-819.857239 231.521149 1556.000000
-819.857239 234.244919 1556.000000
-815.337341 10.944126 1563.000000
-818.073425 13.680159 1563.000000
-818.073425 16.416191 1563.000000
-818.073425 19.152220 1563.000000
-818.073425 21.888252 1563.000000
-815.337341 24.624285 1563.000000
-815.337341 27.360317 1563.000000
-812.601379 30.096346 1563.000000
-812.601379 32.832382 1563.000000
-809.865295 38.304440 1563.000000
-809.865295 41.040474 1563.000000
-809.865295 43.776505 1563.000000
-812.601379 46.512535 1563.000000
-809.865295 46.512535 1563.000000
-812.601379 49.248569 1563.000000
-809.865295 49.248569 1563.000000
-812.601379 51.984596 1563.000000
-812.601379 54.720634 1563.000000
-815.337341 57.456661 1563.000000
-815.337341 60.192692 1563.000000
-815.337341 62.928722 1563.000000
-815.337341 65.664764 1563.000000
-815.337341 68.400787 1563.000000
-815.337341 71.136818 1563.000000
-815.337341 73.872856 1563.000000
-818.073425 76.608879 1563.000000
-815.337341 76.608879 1563.000000
-815.337341 79.344910 1563.000000
-818.073425 82.080948 1563.000000
-815.337341 82.080948 1563.000000
-818.073425 84.816978 1563.000000
-815.337341 84.816978 1563.000000
-815.337341 87.553009 1563.000000
-818.073425 90.289040 1563.000000
-815.337341 90.289040 1563.000000
-815.337341 93.025070 1563.000000
-815.337341 95.761108 1563.000000
-815.337341 98.497139 1563.000000
-812.601379 98.497139 1563.000000
-815.337341 101.233162 1563.000000
-812.601379 101.233162 1563.000000
-812.601379 103.969193 1563.000000
-812.601379 106.705223 1563.000000
-812.601379 109.441269 1563.000000
-812.601379 114.913322 1563.000000
-812.601379 117.649353 1563.000000
-815.337341 120.385384 1563.000000
-815.337341 123.121422 1563.000000
-815.337341 125.857445 1563.000000
-818.073425 128.593491 1563.000000
-818.073425 131.329529 1563.000000
-818.073425 134.065536 1563.000000
-818.073425 139.537598 1563.000000
-818.073425 142.273636 1563.000000
-815.337341 142.273636 1563.000000
-818.073425 145.009674 1563.000000
-815.337341 145.009674 1563.000000
-815.337341 147.745712 1563.000000
-815.337341 150.481735 1563.000000
-815.337341 153.217758 1563.000000
-815.337341 155.953796 1563.000000
-815.337341 158.689819 1563.000000
-815.337341 161.425858 1563.000000
-815.337341 164.161896 1563.000000
-815.337341 166.897919 1563.000000
-815.337341 169.633957 1563.000000
-818.073425 172.369980 1563.000000
-818.073425 177.842056 1563.000000
-818.073425 180.578079 1563.000000
-818.073425 183.314117 1563.000000
-818.073425 186.050140 1563.000000
-818.073425 188.786179 1563.000000
-818.073425 191.522217 1563.000000
-818.073425 194.258240 1563.000000
-820.809448 196.994278 1563.000000
-818.073425 196.994278 1563.000000
-820.809448 199.730286 1563.000000
-818.073425 199.730286 1563.000000
-820.809448 202.466324 1563.000000
-818.073425 202.466324 1563.000000
-820.809448 205.202362 1563.000000
-820.809448 210.674423 1563.000000
-820.809448 213.410446 1563.000000
-820.809448 216.146500 1563.000000
-820.809448 218.882538 1563.000000
-820.809448 221.618561 1563.000000
-820.809448 224.354599 1563.000000
-820.809448 227.090622 1563.000000
-820.809448 229.826645 1563.000000
-820.809448 232.562683 1563.000000
-820.809448 235.298706 1563.000000
-814.010498 11.000142 1571.000000
-819.510559 13.750178 1571.000000
-816.760620 13.750178 1571.000000
-819.510559 16.500214 1571.000000
-819.510559 19.250250 1571.000000
-819.510559 22.000284 1571.000000
-816.760620 24.750320 1571.000000
-816.760620 27.500357 1571.000000
-814.010498 33.000427 1571.000000
-814.010498 35.750462 1571.000000
-811.260498 38.500500 1571.000000
-811.260498 41.250530 1571.000000
-811.260498 44.000568 1571.000000
-811.260498 46.750607 1571.000000
-811.260498 49.500641 1571.000000
-814.010498 52.250671 1571.000000
-814.010498 55.000713 1571.000000
-816.760620 57.750748 1571.000000
-814.010498 57.750748 1571.000000
-816.760620 60.500782 1571.000000
-814.010498 60.500782 1571.000000
-816.760620 63.250816 1571.000000
-814.010498 63.250816 1571.000000
-816.760620 66.000854 1571.000000
-814.010498 66.000854 1571.000000
-816.760620 68.750885 1571.000000
-816.760620 71.500923 1571.000000
-816.760620 74.250961 1571.000000
-816.760620 77.000999 1571.000000
-816.760620 79.751030 1571.000000
-816.760620 82.501060 1571.000000
-816.760620 85.251099 1571.000000
-816.760620 88.001137 1571.000000
-816.760620 90.751175 1571.000000
-816.760620 93.501213 1571.000000
-814.010498 93.501213 1571.000000
-816.760620 96.251244 1571.000000
-814.010498 96.251244 1571.000000
-814.010498 99.001282 1571.000000
-814.010498 101.751312 1571.000000
-814.010498 104.501343 1571.000000
-814.010498 107.251381 1571.000000
-814.010498 110.001427 1571.000000
-814.010498 112.751465 1571.000000
-814.010498 115.501495 1571.000000
-814.010498 118.251526 1571.000000
-816.760620 121.001564 1571.000000
-816.760620 123.751595 1571.000000
-816.760620 126.501633 1571.000000
-819.510559 129.251678 1571.000000
-816.760620 129.251678 1571.000000
-819.510559 132.001709 1571.000000
-816.760620 132.001709 1571.000000
-819.510559 134.751740 1571.000000
-819.510559 137.501770 1571.000000
-819.510559 140.251816 1571.000000
-816.760620 143.001846 1571.000000
-816.760620 145.751877 1571.000000
-816.760620 148.501923 1571.000000
-816.760620 151.251953 1571.000000
-816.760620 154.001999 1571.000000
-816.760620 156.752014 1571.000000
-816.760620 159.502060 1571.000000
-816.760620 162.252106 1571.000000
-816.760620 167.752182 1571.000000
-819.510559 173.252243 1571.000000
-816.760620 173.252243 1571.000000
-819.510559 176.002274 1571.000000
-816.760620 176.002274 1571.000000
-819.510559 178.752304 1571.000000
-816.760620 178.752304 1571.000000
-819.510559 181.502350 1571.000000
-816.760620 181.502350 1571.000000
-819.510559 184.252380 1571.000000
-816.760620 184.252380 1571.000000
-819.510559 187.002426 1571.000000
-816.760620 187.002426 1571.000000
-819.510559 189.752457 1571.000000
-816.760620 189.752457 1571.000000
-819.510559 192.502487 1571.000000
-816.760620 192.502487 1571.000000
-819.510559 195.252518 1571.000000
-816.760620 195.252518 1571.000000
-819.510559 198.002563 1571.000000
-816.760620 198.002563 1571.000000
-819.510559 200.752579 1571.000000
-816.760620 200.752579 1571.000000
-819.510559 203.502625 1571.000000
-816.760620 203.502625 1571.000000
-814.010498 203.502625 1571.000000
-822.260681 206.252670 1571.000000
-819.510559 206.252670 1571.000000
-816.760620 206.252670 1571.000000
-822.260681 209.002686 1571.000000
-819.510559 209.002686 1571.000000
-822.260681 211.752731 1571.000000
-819.510559 211.752731 1571.000000
-822.260681 214.502762 1571.000000
-819.510559 214.502762 1571.000000
-822.260681 217.252823 1571.000000
-822.260681 220.002853 1571.000000
-822.260681 222.752884 1571.000000
-819.510559 222.752884 1571.000000
-822.260681 225.502930 1571.000000
-819.510559 225.502930 1571.000000
-822.260681 228.252960 1571.000000
-819.510559 228.252960 1571.000000
-822.260681 231.002991 1571.000000
-822.260681 233.753021 1571.000000
-822.260681 236.503052 1571.000000
-814.875305 11.049156 1578.000000
-817.637512 13.811446 1578.000000
-814.875305 13.811446 1578.000000
-820.399902 16.573734 1578.000000
-817.637512 16.573734 1578.000000
-814.875305 16.573734 1578.000000
-820.399902 19.336023 1578.000000
-817.637512 19.336023 1578.000000
-814.875305 19.336023 1578.000000
-820.399902 22.098312 1578.000000
-817.637512 22.098312 1578.000000
-814.875305 22.098312 1578.000000
-817.637512 24.860600 1578.000000
-814.875305 24.860600 1578.000000
-817.637512 27.622892 1578.000000
-817.637512 30.385178 1578.000000
-814.875305 30.385178 1578.000000
-814.875305 33.147469 1578.000000
-814.875305 35.909756 1578.000000
-812.112915 46.958916 1578.000000
-812.112915 49.721199 1578.000000
-814.875305 52.483486 1578.000000
-812.112915 52.483486 1578.000000
-814.875305 55.245785 1578.000000
-812.112915 55.245785 1578.000000
-814.875305 58.008072 1578.000000
-812.112915 58.008072 1578.000000
-814.875305 60.770355 1578.000000
-812.112915 60.770355 1578.000000
-814.875305 63.532642 1578.000000
-812.112915 63.532642 1578.000000
-814.875305 66.294937 1578.000000
-812.112915 66.294937 1578.000000
-817.637512 69.057228 1578.000000
-814.875305 69.057228 1578.000000
-812.112915 69.057228 1578.000000
-817.637512 71.819511 1578.000000
-817.637512 74.581802 1578.000000
-814.875305 74.581802 1578.000000
-817.637512 77.344093 1578.000000
-814.875305 77.344093 1578.000000
-817.637512 80.106377 1578.000000
-814.875305 80.106377 1578.000000
-817.637512 82.868668 1578.000000
-814.875305 82.868668 1578.000000
-817.637512 85.630959 1578.000000
-814.875305 85.630959 1578.000000
-817.637512 88.393250 1578.000000
-814.875305 88.393250 1578.000000
-817.637512 91.155533 1578.000000
-814.875305 91.155533 1578.000000
-814.875305 93.917831 1578.000000
-814.875305 96.680122 1578.000000
-814.875305 99.442398 1578.000000
-814.875305 102.204689 1578.000000
-814.875305 104.966972 1578.000000
-814.875305 107.729263 1578.000000
-814.875305 110.491570 1578.000000
-814.875305 113.253853 1578.000000
-814.875305 116.016144 1578.000000
-814.875305 118.778427 1578.000000
-817.637512 121.540710 1578.000000
-814.875305 121.540710 1578.000000
-817.637512 124.303001 1578.000000
-814.875305 124.303001 1578.000000
-817.637512 127.065285 1578.000000
-817.637512 129.827591 1578.000000
-817.637512 132.589874 1578.000000
-820.399902 135.352158 1578.000000
-817.637512 135.352158 1578.000000
-820.399902 138.114456 1578.000000
-817.637512 138.114456 1578.000000
-820.399902 140.876740 1578.000000
-817.637512 140.876740 1578.000000
-817.637512 143.639023 1578.000000
-817.637512 146.401321 1578.000000
-817.637512 149.163605 1578.000000
-817.637512 151.925888 1578.000000
-817.637512 154.688187 1578.000000
-817.637512 157.450470 1578.000000
-817.637512 160.212753 1578.000000
-817.637512 162.975037 1578.000000
-820.399902 165.737335 1578.000000
-820.399902 171.261917 1578.000000
-817.637512 179.548782 1578.000000
-817.637512 182.311066 1578.000000
-817.637512 185.073364 1578.000000
-817.637512 187.835663 1578.000000
-817.637512 190.597946 1578.000000
-817.637512 193.360245 1578.000000
-817.637512 196.122513 1578.000000
-814.875305 196.122513 1578.000000
-817.637512 198.884796 1578.000000
-817.637512 201.647095 1578.000000
-814.875305 204.409378 1578.000000
-817.637512 207.171661 1578.000000
-814.875305 207.171661 1578.000000
-820.399902 209.933945 1578.000000
-817.637512 209.933945 1578.000000
-820.399902 212.696243 1578.000000
-817.637512 212.696243 1578.000000
-820.399902 215.458527 1578.000000
-817.637512 215.458527 1578.000000
-823.162109 218.220840 1578.000000
-820.399902 218.220840 1578.000000
-817.637512 218.220840 1578.000000
-823.162109 220.983139 1578.000000
-820.399902 220.983139 1578.000000
-817.637512 220.983139 1578.000000
-820.399902 223.745422 1578.000000
-817.637512 223.745422 1578.000000
-820.399902 226.507706 1578.000000
-817.637512 226.507706 1578.000000
-820.399902 229.269989 1578.000000
-817.637512 229.269989 1578.000000
-823.162109 232.032288 1578.000000
-820.399902 232.032288 1578.000000
-817.637512 232.032288 1578.000000
-823.162109 234.794571 1578.000000
-820.399902 234.794571 1578.000000
-817.637512 234.794571 1578.000000
-823.162109 237.556854 1578.000000
-820.399902 237.556854 1578.000000
-814.875305 237.556854 1578.000000
-815.715576 11.098170 1585.000000
-815.715576 13.872714 1585.000000
-815.715576 16.647257 1585.000000
-815.715576 19.421799 1585.000000
-815.715576 22.196341 1585.000000
-818.490112 27.745428 1585.000000
-815.715576 33.294514 1585.000000
-815.715576 36.069054 1585.000000
-815.715576 38.843597 1585.000000
-815.715576 41.618137 1585.000000
-815.715576 44.392681 1585.000000
-812.941040 49.941769 1585.000000
-812.941040 52.716309 1585.000000
-812.941040 55.490856 1585.000000
-812.941040 58.265396 1585.000000
-812.941040 61.039936 1585.000000
-812.941040 63.814476 1585.000000
-812.941040 66.589027 1585.000000
-812.941040 69.363564 1585.000000
-818.490112 72.138107 1585.000000
-815.715576 72.138107 1585.000000
-812.941040 72.138107 1585.000000
-815.715576 74.912651 1585.000000
-812.941040 74.912651 1585.000000
-815.715576 77.687195 1585.000000
-812.941040 77.687195 1585.000000
-815.715576 80.461731 1585.000000
-812.941040 80.461731 1585.000000
-815.715576 83.236275 1585.000000
-815.715576 86.010818 1585.000000
-815.715576 88.785362 1585.000000
-815.715576 91.559906 1585.000000
-815.715576 94.334450 1585.000000
-812.941040 94.334450 1585.000000
-815.715576 97.109001 1585.000000
-812.941040 97.109001 1585.000000
-815.715576 99.883537 1585.000000
-812.941040 99.883537 1585.000000
-815.715576 102.658081 1585.000000
-815.715576 105.432617 1585.000000
-812.941040 105.432617 1585.000000
-815.715576 108.207161 1585.000000
-812.941040 108.207161 1585.000000
-815.715576 110.981712 1585.000000
-815.715576 113.756256 1585.000000
-815.715576 116.530792 1585.000000
-815.715576 119.305336 1585.000000
-815.715576 122.079872 1585.000000
-815.715576 124.854416 1585.000000
-812.941040 124.854416 1585.000000
-818.490112 127.628952 1585.000000
-818.490112 130.403503 1585.000000
-818.490112 133.178055 1585.000000
-818.490112 135.952591 1585.000000
-818.490112 144.276215 1585.000000
-818.490112 147.050751 1585.000000
-818.490112 149.825302 1585.000000
-818.490112 152.599854 1585.000000
-818.490112 155.374390 1585.000000
-818.490112 158.148926 1585.000000
-818.490112 160.923462 1585.000000
-818.490112 163.698013 1585.000000
-821.264648 166.472549 1585.000000
-821.264648 169.247101 1585.000000
-821.264648 172.021637 1585.000000
-821.264648 174.796188 1585.000000
-821.264648 177.570724 1585.000000
-818.490112 185.894348 1585.000000
-818.490112 188.668900 1585.000000
-815.715576 188.668900 1585.000000
-818.490112 191.443451 1585.000000
-818.490112 194.218002 1585.000000
-815.715576 194.218002 1585.000000
-818.490112 199.767075 1585.000000
-818.490112 202.541611 1585.000000
-818.490112 210.865234 1585.000000
-818.490112 213.639786 1585.000000
-818.490112 216.414322 1585.000000
-818.490112 219.188889 1585.000000
-818.490112 221.963425 1585.000000
-818.490112 224.737961 1585.000000
-815.715576 224.737961 1585.000000
-818.490112 227.512512 1585.000000
-815.715576 227.512512 1585.000000
-818.490112 230.287048 1585.000000
-815.715576 230.287048 1585.000000
-818.490112 233.061584 1585.000000
-818.490112 235.836136 1585.000000
-815.715576 235.836136 1585.000000
-812.941040 235.836136 1585.000000
-821.264648 238.610672 1585.000000
-815.715576 238.610672 1585.000000
-810.957703 2.786796 1592.000000
-816.531311 11.147184 1592.000000
-816.531311 13.933981 1592.000000
-816.531311 16.720778 1592.000000
-816.531311 19.507572 1592.000000
-816.531311 22.294369 1592.000000
-819.318054 25.081165 1592.000000
-816.531311 25.081165 1592.000000
-819.318054 27.867962 1592.000000
-816.531311 27.867962 1592.000000
-819.318054 30.654757 1592.000000
-816.531311 30.654757 1592.000000
-816.531311 33.441555 1592.000000
-816.531311 36.228348 1592.000000
-816.531311 39.015144 1592.000000
-816.531311 44.588737 1592.000000
-816.531311 47.375534 1592.000000
-813.744446 47.375534 1592.000000
-813.744446 50.162331 1592.000000
-805.384094 50.162331 1592.000000
-813.744446 52.949123 1592.000000
-805.384094 52.949123 1592.000000
-813.744446 55.735924 1592.000000
-805.384094 55.735924 1592.000000
-813.744446 58.522720 1592.000000
-813.744446 61.309513 1592.000000
-813.744446 64.096306 1592.000000
-813.744446 66.883110 1592.000000
-813.744446 69.669899 1592.000000
-813.744446 72.456696 1592.000000
-813.744446 75.243492 1592.000000
-813.744446 78.030289 1592.000000
-816.531311 83.603882 1592.000000
-816.531311 86.390678 1592.000000
-816.531311 89.177475 1592.000000
-816.531311 91.964264 1592.000000
-813.744446 100.324661 1592.000000
-816.531311 103.111450 1592.000000
-813.744446 105.898247 1592.000000
-816.531311 111.471848 1592.000000
-816.531311 114.258636 1592.000000
-816.531311 117.045441 1592.000000
-816.531311 119.832230 1592.000000
-816.531311 122.619026 1592.000000
-819.318054 128.192612 1592.000000
-816.531311 128.192612 1592.000000
-819.318054 130.979416 1592.000000
-816.531311 130.979416 1592.000000
-819.318054 133.766220 1592.000000
-816.531311 133.766220 1592.000000
-819.318054 136.553009 1592.000000
-822.104858 139.339798 1592.000000
-822.104858 142.126602 1592.000000
-819.318054 150.486984 1592.000000
-819.318054 153.273788 1592.000000
-819.318054 156.060577 1592.000000
-819.318054 158.847382 1592.000000
-819.318054 161.634171 1592.000000
-822.104858 167.207764 1592.000000
-822.104858 169.994568 1592.000000
-822.104858 172.781357 1592.000000
-822.104858 175.568161 1592.000000
-822.104858 178.354950 1592.000000
-822.104858 181.141754 1592.000000
-819.318054 181.141754 1592.000000
-822.104858 183.928528 1592.000000
-819.318054 183.928528 1592.000000
-819.318054 186.715332 1592.000000
-816.531311 189.502136 1592.000000
-819.318054 192.288940 1592.000000
-816.531311 192.288940 1592.000000
-816.531311 195.075729 1592.000000
-819.318054 197.862518 1592.000000
-816.531311 197.862518 1592.000000
-819.318054 200.649323 1592.000000
-819.318054 203.436111 1592.000000
-819.318054 206.222900 1592.000000
-819.318054 209.009705 1592.000000
-816.531311 209.009705 1592.000000
-805.384094 209.009705 1592.000000
-802.597290 209.009705 1592.000000
-819.318054 211.796494 1592.000000
-816.531311 211.796494 1592.000000
-805.384094 211.796494 1592.000000
-802.597290 211.796494 1592.000000
-819.318054 214.583298 1592.000000
-816.531311 214.583298 1592.000000
-805.384094 214.583298 1592.000000
-802.597290 214.583298 1592.000000
-819.318054 217.370071 1592.000000
-819.318054 220.156906 1592.000000
-819.318054 222.943695 1592.000000
-816.531311 222.943695 1592.000000
-816.531311 225.730499 1592.000000
-805.384094 225.730499 1592.000000
-802.597290 225.730499 1592.000000
-816.531311 228.517273 1592.000000
-816.531311 231.304077 1592.000000
-819.318054 234.090881 1592.000000
-816.531311 234.090881 1592.000000
-817.833618 5.601600 1600.000000
-815.032898 5.601600 1600.000000
-812.231995 5.601600 1600.000000
-809.431274 5.601600 1600.000000
-806.630432 5.601600 1600.000000
-803.829651 5.601600 1600.000000
-823.435242 8.402401 1600.000000
-820.634460 8.402401 1600.000000
-817.833618 8.402401 1600.000000
-809.431274 8.402401 1600.000000
-806.630432 8.402401 1600.000000
-817.833618 11.203200 1600.000000
-815.032898 11.203200 1600.000000
-809.431274 11.203200 1600.000000
-817.833618 14.004002 1600.000000
-815.032898 14.004002 1600.000000
-809.431274 14.004002 1600.000000
-817.833618 16.804802 1600.000000
-815.032898 16.804802 1600.000000
-812.231995 16.804802 1600.000000
-809.431274 16.804802 1600.000000
-806.630432 16.804802 1600.000000
-817.833618 19.605600 1600.000000
-809.431274 19.605600 1600.000000
-806.630432 19.605600 1600.000000
-803.829651 19.605600 1600.000000
-817.833618 22.406401 1600.000000
-809.431274 22.406401 1600.000000
-806.630432 22.406401 1600.000000
-803.829651 22.406401 1600.000000
-817.833618 25.207201 1600.000000
-812.231995 25.207201 1600.000000
-809.431274 25.207201 1600.000000
-806.630432 25.207201 1600.000000
-803.829651 25.207201 1600.000000
-817.833618 28.008003 1600.000000
-815.032898 28.008003 1600.000000
-809.431274 28.008003 1600.000000
-806.630432 28.008003 1600.000000
-817.833618 30.808802 1600.000000
-815.032898 30.808802 1600.000000
-812.231995 30.808802 1600.000000
-809.431274 30.808802 1600.000000
-806.630432 30.808802 1600.000000
-817.833618 33.609604 1600.000000
-815.032898 33.609604 1600.000000
-812.231995 33.609604 1600.000000
-809.431274 33.609604 1600.000000
-817.833618 36.410404 1600.000000
-815.032898 36.410404 1600.000000
-809.431274 36.410404 1600.000000
-817.833618 39.211201 1600.000000
-815.032898 39.211201 1600.000000
-809.431274 39.211201 1600.000000
-820.634460 42.012001 1600.000000
-817.833618 42.012001 1600.000000
-815.032898 42.012001 1600.000000
-809.431274 42.012001 1600.000000
-817.833618 44.812801 1600.000000
-815.032898 44.812801 1600.000000
-809.431274 44.812801 1600.000000
-815.032898 47.613602 1600.000000
-812.231995 47.613602 1600.000000
-809.431274 47.613602 1600.000000
-815.032898 50.414402 1600.000000
-812.231995 50.414402 1600.000000
-806.630432 50.414402 1600.000000
-803.829651 50.414402 1600.000000
-801.028870 50.414402 1600.000000
-815.032898 53.215202 1600.000000
-812.231995 53.215202 1600.000000
-806.630432 53.215202 1600.000000
-803.829651 53.215202 1600.000000
-801.028870 53.215202 1600.000000
-815.032898 56.016006 1600.000000
-812.231995 56.016006 1600.000000
-806.630432 56.016006 1600.000000
-815.032898 58.816803 1600.000000
-812.231995 58.816803 1600.000000
-809.431274 58.816803 1600.000000
-815.032898 61.617603 1600.000000
-815.032898 64.418396 1600.000000
-809.431274 64.418396 1600.000000
-815.032898 67.219208 1600.000000
-809.431274 67.219208 1600.000000
-815.032898 70.020004 1600.000000
-812.231995 70.020004 1600.000000
-809.431274 70.020004 1600.000000
-815.032898 72.820808 1600.000000
-815.032898 75.621605 1600.000000
-815.032898 78.422401 1600.000000
-817.833618 81.223206 1600.000000
-815.032898 81.223206 1600.000000
-817.833618 84.024002 1600.000000
-815.032898 84.024002 1600.000000
-809.431274 84.024002 1600.000000
-817.833618 86.824806 1600.000000
-815.032898 86.824806 1600.000000
-809.431274 86.824806 1600.000000
-806.630432 86.824806 1600.000000
-817.833618 89.625603 1600.000000
-815.032898 89.625603 1600.000000
-809.431274 89.625603 1600.000000
-806.630432 89.625603 1600.000000
-801.028870 89.625603 1600.000000
-817.833618 92.426407 1600.000000
-817.833618 95.227203 1600.000000
-809.431274 95.227203 1600.000000
-806.630432 95.227203 1600.000000
-803.829651 95.227203 1600.000000
-801.028870 95.227203 1600.000000
-817.833618 98.028008 1600.000000
-809.431274 98.028008 1600.000000
-806.630432 98.028008 1600.000000
-803.829651 98.028008 1600.000000
-801.028870 98.028008 1600.000000
-815.032898 100.828804 1600.000000
-809.431274 100.828804 1600.000000
-806.630432 100.828804 1600.000000
-817.833618 103.629601 1600.000000
-815.032898 103.629601 1600.000000
-809.431274 103.629601 1600.000000
-806.630432 103.629601 1600.000000
-815.032898 106.430405 1600.000000
-809.431274 106.430405 1600.000000
-817.833618 109.231194 1600.000000
-815.032898 109.231194 1600.000000
-817.833618 112.032013 1600.000000
-815.032898 112.032013 1600.000000
-817.833618 114.832809 1600.000000
-817.833618 117.633606 1600.000000
-817.833618 120.434402 1600.000000
-815.032898 120.434402 1600.000000
-817.833618 123.235207 1600.000000
-815.032898 123.235207 1600.000000
-809.431274 123.235207 1600.000000
-817.833618 126.036003 1600.000000
-815.032898 126.036003 1600.000000
-817.833618 128.836792 1600.000000
-817.833618 131.637619 1600.000000
-815.032898 131.637619 1600.000000
-809.431274 131.637619 1600.000000
-817.833618 134.438416 1600.000000
-815.032898 134.438416 1600.000000
-809.431274 134.438416 1600.000000
-820.634460 137.239197 1600.000000
-817.833618 137.239197 1600.000000
-815.032898 137.239197 1600.000000
-809.431274 137.239197 1600.000000
-806.630432 137.239197 1600.000000
-823.435242 140.040009 1600.000000
-820.634460 140.040009 1600.000000
-817.833618 140.040009 1600.000000
-815.032898 140.040009 1600.000000
-809.431274 140.040009 1600.000000
-806.630432 140.040009 1600.000000
-823.435242 142.840805 1600.000000
-820.634460 142.840805 1600.000000
-817.833618 142.840805 1600.000000
-815.032898 142.840805 1600.000000
-809.431274 142.840805 1600.000000
-806.630432 142.840805 1600.000000
-801.028870 142.840805 1600.000000
-823.435242 145.641617 1600.000000
-820.634460 145.641617 1600.000000
-817.833618 145.641617 1600.000000
-809.431274 145.641617 1600.000000
-806.630432 145.641617 1600.000000
-803.829651 145.641617 1600.000000
-801.028870 145.641617 1600.000000
-823.435242 148.442398 1600.000000
-820.634460 148.442398 1600.000000
-809.431274 148.442398 1600.000000
-806.630432 148.442398 1600.000000
-803.829651 148.442398 1600.000000
-801.028870 148.442398 1600.000000
-820.634460 151.243210 1600.000000
-809.431274 151.243210 1600.000000
-806.630432 151.243210 1600.000000
-820.634460 154.044022 1600.000000
-809.431274 154.044022 1600.000000
-806.630432 154.044022 1600.000000
-820.634460 156.844803 1600.000000
-820.634460 159.645599 1600.000000
-820.634460 162.446411 1600.000000
-823.435242 165.247208 1600.000000
-820.634460 165.247208 1600.000000
-823.435242 168.048004 1600.000000
-820.634460 168.048004 1600.000000
-823.435242 170.848816 1600.000000
-820.634460 170.848816 1600.000000
-823.435242 173.649612 1600.000000
-823.435242 176.450409 1600.000000
-820.634460 176.450409 1600.000000
-823.435242 179.251205 1600.000000
-820.634460 179.251205 1600.000000
-820.634460 182.052002 1600.000000
-820.634460 184.852814 1600.000000
-820.634460 187.653595 1600.000000
-817.833618 187.653595 1600.000000
-817.833618 190.454407 1600.000000
-817.833618 193.255219 1600.000000
-815.032898 193.255219 1600.000000
-817.833618 196.056015 1600.000000
-815.032898 196.056015 1600.000000
-817.833618 198.856812 1600.000000
-815.032898 198.856812 1600.000000
-809.431274 198.856812 1600.000000
-806.630432 198.856812 1600.000000
-820.634460 201.657608 1600.000000
-817.833618 201.657608 1600.000000
-815.032898 201.657608 1600.000000
-809.431274 201.657608 1600.000000
-806.630432 201.657608 1600.000000
-820.634460 204.458405 1600.000000
-817.833618 204.458405 1600.000000
-815.032898 204.458405 1600.000000
-809.431274 204.458405 1600.000000
-806.630432 204.458405 1600.000000
-820.634460 207.259201 1600.000000
-817.833618 207.259201 1600.000000
-809.431274 207.259201 1600.000000
-806.630432 207.259201 1600.000000
-817.833618 210.059998 1600.000000
-815.032898 210.059998 1600.000000
-812.231995 210.059998 1600.000000
-817.833618 212.860809 1600.000000
-815.032898 212.860809 1600.000000
-812.231995 212.860809 1600.000000
-817.833618 215.661606 1600.000000
-815.032898 215.661606 1600.000000
-820.634460 218.462387 1600.000000
-817.833618 218.462387 1600.000000
-809.431274 218.462387 1600.000000
-806.630432 218.462387 1600.000000
-820.634460 221.263214 1600.000000
-817.833618 221.263214 1600.000000
-809.431274 221.263214 1600.000000
-806.630432 221.263214 1600.000000
-817.833618 224.064026 1600.000000
-815.032898 224.064026 1600.000000
-812.231995 224.064026 1600.000000
-809.431274 224.064026 1600.000000
-806.630432 224.064026 1600.000000
-817.833618 226.864807 1600.000000
-815.032898 226.864807 1600.000000
-812.231995 226.864807 1600.000000
-817.833618 229.665619 1600.000000
-815.032898 229.665619 1600.000000
-812.231995 229.665619 1600.000000
-809.431274 229.665619 1600.000000
-817.833618 232.466415 1600.000000
-815.032898 232.466415 1600.000000
-812.231995 232.466415 1600.000000
-817.833618 235.267212 1600.000000
-815.032898 235.267212 1600.000000
-818.598633 8.439161 1607.000000
-815.785522 8.439161 1607.000000
-807.346375 8.439161 1607.000000
-815.785522 11.252214 1607.000000
-810.159424 11.252214 1607.000000
-807.346375 11.252214 1607.000000
-815.785522 14.065269 1607.000000
-810.159424 14.065269 1607.000000
-818.598633 19.691376 1607.000000
-815.785522 19.691376 1607.000000
-818.598633 22.504429 1607.000000
-815.785522 22.504429 1607.000000
-818.598633 25.317482 1607.000000
-815.785522 28.130537 1607.000000
-807.346375 28.130537 1607.000000
-807.346375 30.943590 1607.000000
-810.159424 33.756645 1607.000000
-807.346375 33.756645 1607.000000
-804.533325 33.756645 1607.000000
-815.785522 36.569695 1607.000000
-810.159424 36.569695 1607.000000
-807.346375 36.569695 1607.000000
-804.533325 36.569695 1607.000000
-815.785522 39.382751 1607.000000
-810.159424 39.382751 1607.000000
-807.346375 39.382751 1607.000000
-804.533325 39.382751 1607.000000
-815.785522 42.195801 1607.000000
-810.159424 42.195801 1607.000000
-807.346375 42.195801 1607.000000
-804.533325 42.195801 1607.000000
-815.785522 45.008858 1607.000000
-810.159424 45.008858 1607.000000
-807.346375 45.008858 1607.000000
-804.533325 45.008858 1607.000000
-810.159424 47.821915 1607.000000
-807.346375 47.821915 1607.000000
-804.533325 47.821915 1607.000000
-807.346375 56.261074 1607.000000
-810.159424 59.074127 1607.000000
-815.785522 61.887180 1607.000000
-812.972534 61.887180 1607.000000
-815.785522 64.700233 1607.000000
-810.159424 64.700233 1607.000000
-815.785522 67.513290 1607.000000
-810.159424 67.513290 1607.000000
-810.159424 70.326332 1607.000000
-815.785522 73.139389 1607.000000
-812.972534 73.139389 1607.000000
-815.785522 75.952446 1607.000000
-815.785522 78.765503 1607.000000
-812.972534 78.765503 1607.000000
-815.785522 81.578552 1607.000000
-812.972534 81.578552 1607.000000
-815.785522 84.391602 1607.000000
-810.159424 84.391602 1607.000000
-815.785522 87.204666 1607.000000
-815.785522 90.017715 1607.000000
-807.346375 90.017715 1607.000000
-818.598633 92.830772 1607.000000
-815.785522 92.830772 1607.000000
-812.972534 92.830772 1607.000000
-810.159424 92.830772 1607.000000
-807.346375 92.830772 1607.000000
-804.533325 92.830772 1607.000000
-818.598633 95.643829 1607.000000
-815.785522 95.643829 1607.000000
-818.598633 98.456871 1607.000000
-815.785522 98.456871 1607.000000
-815.785522 101.269928 1607.000000
-807.346375 101.269928 1607.000000
-804.533325 101.269928 1607.000000
-815.785522 104.082977 1607.000000
-807.346375 104.082977 1607.000000
-804.533325 104.082977 1607.000000
-815.785522 106.896034 1607.000000
-810.159424 106.896034 1607.000000
-807.346375 106.896034 1607.000000
-804.533325 106.896034 1607.000000
-815.785522 109.709084 1607.000000
-812.972534 109.709084 1607.000000
-810.159424 109.709084 1607.000000
-815.785522 112.522148 1607.000000
-812.972534 112.522148 1607.000000
-810.159424 112.522148 1607.000000
-818.598633 115.335197 1607.000000
-815.785522 115.335197 1607.000000
-812.972534 115.335197 1607.000000
-810.159424 115.335197 1607.000000
-818.598633 118.148254 1607.000000
-815.785522 118.148254 1607.000000
-812.972534 118.148254 1607.000000
-810.159424 118.148254 1607.000000
-815.785522 120.961304 1607.000000
-812.972534 120.961304 1607.000000
-810.159424 120.961304 1607.000000
-815.785522 123.774361 1607.000000
-810.159424 123.774361 1607.000000
-815.785522 126.587402 1607.000000
-812.972534 126.587402 1607.000000
-818.598633 129.400467 1607.000000
-815.785522 129.400467 1607.000000
-812.972534 129.400467 1607.000000
-810.159424 129.400467 1607.000000
-815.785522 132.213516 1607.000000
-810.159424 132.213516 1607.000000
-815.785522 135.026581 1607.000000
-810.159424 135.026581 1607.000000
-815.785522 137.839630 1607.000000
-807.346375 137.839630 1607.000000
-804.533325 137.839630 1607.000000
-815.785522 140.652664 1607.000000
-807.346375 140.652664 1607.000000
-804.533325 140.652664 1607.000000
-815.785522 143.465729 1607.000000
-807.346375 143.465729 1607.000000
-818.598633 146.278778 1607.000000
-815.785522 146.278778 1607.000000
-821.411621 149.091843 1607.000000
-818.598633 149.091843 1607.000000
-815.785522 149.091843 1607.000000
-821.411621 151.904892 1607.000000
-818.598633 151.904892 1607.000000
-815.785522 151.904892 1607.000000
-807.346375 151.904892 1607.000000
-821.411621 154.717957 1607.000000
-818.598633 154.717957 1607.000000
-815.785522 154.717957 1607.000000
-807.346375 154.717957 1607.000000
-821.411621 157.531006 1607.000000
-818.598633 157.531006 1607.000000
-815.785522 157.531006 1607.000000
-812.972534 157.531006 1607.000000
-810.159424 157.531006 1607.000000
-821.411621 160.344055 1607.000000
-818.598633 160.344055 1607.000000
-815.785522 160.344055 1607.000000
-812.972534 160.344055 1607.000000
-810.159424 160.344055 1607.000000
-821.411621 163.157104 1607.000000
-818.598633 163.157104 1607.000000
-815.785522 163.157104 1607.000000
-812.972534 163.157104 1607.000000
-810.159424 163.157104 1607.000000
-821.411621 165.970169 1607.000000
-818.598633 165.970169 1607.000000
-812.972534 165.970169 1607.000000
-810.159424 165.970169 1607.000000
-821.411621 168.783203 1607.000000
-818.598633 168.783203 1607.000000
-812.972534 168.783203 1607.000000
-810.159424 168.783203 1607.000000
-821.411621 171.596268 1607.000000
-824.224731 174.409332 1607.000000
-821.411621 174.409332 1607.000000
-821.411621 177.222366 1607.000000
-821.411621 180.035431 1607.000000
-821.411621 182.848480 1607.000000
-818.598633 182.848480 1607.000000
-821.411621 185.661545 1607.000000
-818.598633 185.661545 1607.000000
-818.598633 188.474579 1607.000000
-818.598633 191.287659 1607.000000
-815.785522 194.100708 1607.000000
-812.972534 194.100708 1607.000000
-810.159424 194.100708 1607.000000
-815.785522 196.913742 1607.000000
-812.972534 196.913742 1607.000000
-810.159424 196.913742 1607.000000
-815.785522 199.726807 1607.000000
-815.785522 202.539856 1607.000000
-815.785522 205.352905 1607.000000
-818.598633 208.165955 1607.000000
-815.785522 208.165955 1607.000000
-815.785522 216.605118 1607.000000
-818.598633 219.418167 1607.000000
-815.785522 219.418167 1607.000000
-818.598633 222.231232 1607.000000
-815.785522 222.231232 1607.000000
-808.538513 11.308230 1615.000000
-811.365601 14.135289 1615.000000
-811.365601 59.368214 1615.000000
-808.538513 59.368214 1615.000000
-814.192566 62.195267 1615.000000
-811.365601 62.195267 1615.000000
-811.365601 65.022316 1615.000000
-811.365601 67.849380 1615.000000
-811.365601 70.676437 1615.000000
-814.192566 73.503494 1615.000000
-817.019714 76.330559 1615.000000
-814.192566 79.157616 1615.000000
-814.192566 81.984673 1615.000000
-811.365601 84.811722 1615.000000
-811.365601 87.638786 1615.000000
-811.365601 110.255241 1615.000000
-808.538513 110.255241 1615.000000
-811.365601 113.082314 1615.000000
-811.365601 115.909370 1615.000000
-814.192566 127.217590 1615.000000
-811.365601 130.044632 1615.000000
-808.538513 130.044632 1615.000000
-811.365601 132.871719 1615.000000
-808.538513 132.871719 1615.000000
-811.365601 135.698761 1615.000000
-808.538513 135.698761 1615.000000
-819.846680 166.796402 1615.000000
-811.365601 166.796402 1615.000000
-819.846680 169.623444 1615.000000
-811.365601 169.623444 1615.000000
-808.538513 169.623444 1615.000000
-822.673828 172.450516 1615.000000
-819.846680 172.450516 1615.000000
-817.019714 172.450516 1615.000000
-814.192566 172.450516 1615.000000
-811.365601 172.450516 1615.000000
-822.673828 175.277573 1615.000000
-819.846680 175.277573 1615.000000
-817.019714 175.277573 1615.000000
-814.192566 175.277573 1615.000000
-811.365601 175.277573 1615.000000
-822.673828 178.104630 1615.000000
-817.019714 178.104630 1615.000000
-814.192566 178.104630 1615.000000
-822.673828 180.931686 1615.000000
-817.019714 180.931686 1615.000000
-814.192566 180.931686 1615.000000
-811.365601 180.931686 1615.000000
-808.538513 180.931686 1615.000000
-819.846680 183.758728 1615.000000
-817.019714 183.758728 1615.000000
-814.192566 183.758728 1615.000000
-811.365601 183.758728 1615.000000
-808.538513 183.758728 1615.000000
-819.846680 186.585800 1615.000000
-817.019714 186.585800 1615.000000
-814.192566 186.585800 1615.000000
-811.365601 186.585800 1615.000000
-819.846680 189.412857 1615.000000
-817.019714 189.412857 1615.000000
-814.192566 189.412857 1615.000000
-811.365601 189.412857 1615.000000
-819.846680 192.239929 1615.000000
-817.019714 192.239929 1615.000000
-814.192566 192.239929 1615.000000
-811.365601 192.239929 1615.000000
-811.365601 195.066971 1615.000000
-812.042969 62.464840 1622.000000
-812.042969 65.304153 1622.000000
-814.882324 73.822090 1622.000000
-817.721619 76.661400 1622.000000
-814.882324 76.661400 1622.000000
-814.882324 79.500710 1622.000000
-812.042969 79.500710 1622.000000
-814.882324 82.340019 1622.000000
-812.042969 113.572449 1622.000000
-812.042969 116.411751 1622.000000
-814.882324 119.251068 1622.000000
-812.042969 119.251068 1622.000000
-814.882324 122.090378 1622.000000
-812.042969 122.090378 1622.000000
-814.882324 124.929680 1622.000000
-812.042969 124.929680 1622.000000
-814.882324 127.768997 1622.000000
-812.042969 173.197983 1622.000000
-812.042969 176.037277 1622.000000
-823.400208 178.876587 1622.000000
-814.882324 178.876587 1622.000000
-812.042969 178.876587 1622.000000
-823.400208 181.715912 1622.000000
-816.048096 71.332878 1630.000000
-816.048096 74.186188 1630.000000
-816.048096 77.039513 1630.000000
-1468.998779 424.594299 2788.000000
-1464.118286 424.594299 2788.000000
-1459.237915 424.594299 2788.000000
-1454.357544 424.594299 2788.000000
-1468.998779 429.474670 2788.000000
-1464.118286 429.474670 2788.000000
-1459.237915 429.474670 2788.000000
-1454.357544 429.474670 2788.000000
-1468.998779 434.355072 2788.000000
-1464.118286 434.355072 2788.000000
