-46.326988 -58.081596 790.000061
-43.561195 -58.081596 790.000061
-40.795403 -58.081596 790.000061
-38.721062 -58.081596 790.000061
-48.401329 -56.698700 790.000061
-46.326988 -56.698700 790.000061
-43.561195 -56.698700 790.000061
-41.025890 -56.237740 790.000122
-38.721062 -56.698700 790.000061
-83.665154 -51.167118 790.000061
-81.590805 -51.167118 790.000061
-83.665154 -49.092781 790.000061
-85.739502 -45.635536 790.000061
-83.665154 -46.326984 790.000061
-85.739502 -43.561195 790.000061
-83.665154 -43.561195 790.000061
-81.129845 -43.330715 790.000122
-85.739502 -40.795403 790.000061
-83.665154 -40.795406 790.000061
-80.899353 -40.795403 790.000061
-78.825020 -40.795403 790.000061
-77.442123 -40.795403 790.000061
-85.739502 -38.721062 790.000061
-83.665154 -38.721062 790.000061
-80.899353 -38.721062 790.000061
-78.825020 -38.721062 790.000061
-76.750679 -38.721062 790.000061
-73.984894 -38.721062 790.000061
-71.219101 -38.721062 790.000061
-85.739502 -36.646721 790.000061
-83.665154 -36.646721 790.000061
-80.899353 -36.646721 790.000061
-78.825020 -36.646721 790.000061
-76.750679 -36.646721 790.000061
-73.984894 -36.646721 790.000061
-71.219101 -36.646721 790.000061
-85.739502 -33.880928 790.000061
-83.665154 -33.880928 790.000061
-80.899353 -33.880928 790.000061
-78.825020 -33.880928 790.000061
-76.750679 -33.880928 790.000061
-73.984894 -33.880928 790.000061
-71.219101 -33.880928 790.000061
-69.144753 -33.880928 790.000061
-85.739502 -31.115139 790.000061
-83.665154 -31.115139 790.000061
-80.899353 -31.115139 790.000061
-78.825020 -31.115139 790.000061
-76.750679 -31.115139 790.000061
-73.984894 -31.115139 790.000061
-71.219101 -31.115139 790.000061
-69.144753 -31.115139 790.000061
-85.739502 -28.349350 790.000061
-83.665154 -28.349350 790.000061
-80.899353 -28.349350 790.000061
-78.825020 -28.349350 790.000061
-76.750679 -28.349352 790.000061
-73.984894 -28.349352 790.000061
-71.449585 -28.579834 790.000122
-85.739502 -26.275005 790.000061
-83.665154 -26.275005 790.000061
-80.899353 -26.275005 790.000061
-78.825020 -26.275005 790.000061
-76.750679 -26.275005 790.000061
-73.984894 -26.275005 790.000061
-71.219101 -26.275005 790.000061
-69.144753 -26.275005 790.000061
-64.996071 -26.275005 790.000061
-85.739502 -24.200665 790.000061
-84.356598 -24.200665 790.000061
-80.899353 -24.200665 790.000061
-78.825020 -24.892113 790.000061
-76.750679 -24.892113 790.000061
-73.984894 -24.892113 790.000061
-71.449585 -24.431149 790.000122
-64.304626 -24.200665 790.000061
-61.538826 -24.200665 790.000061
-59.464489 -24.200665 790.000061
-56.698700 -24.200665 790.000061
-85.739502 -21.434875 790.000061
-83.665154 -21.434875 790.000061
-80.899353 -21.434874 790.000061
-78.825020 -21.434875 790.000061
-77.442123 -21.434875 790.000061
-73.984894 -20.743427 790.000061
-71.449585 -21.204393 790.000122
-68.453308 -20.743427 790.000061
-66.378967 -20.743427 790.000061
-64.304619 -21.434875 790.000061
-61.538826 -21.434874 790.000061
-59.003525 -21.204393 790.000122
-56.237740 -21.204393 790.000122
-85.739502 -18.669083 790.000061
-83.665154 -18.669083 790.000061
-80.899353 -18.669083 790.000061
-78.825020 -18.669083 790.000061
-76.750679 -18.669083 790.000061
-73.984894 -18.669083 790.000061
-71.219101 -18.669083 790.000061
-68.453308 -18.669083 790.000061
-66.378967 -18.669083 790.000061
-64.304626 -18.669083 790.000061
-61.538826 -18.669083 790.000061
-58.773045 -18.669083 790.000061
-56.007256 -18.669083 790.000061
-85.739502 -15.903294 790.000061
-83.665154 -15.903294 790.000061
-80.899353 -15.903294 790.000061
-78.825020 -15.903294 790.000061
-76.750679 -15.903294 790.000061
-73.984894 -15.903294 790.000061
-71.219101 -15.903294 790.000061
-68.453308 -15.903294 790.000061
-66.378967 -15.903294 790.000061
-64.304626 -15.903294 790.000061
-61.538826 -15.903294 790.000061
-58.773045 -15.903294 790.000061
-56.698700 -15.903294 790.000061
-85.739502 -13.828952 790.000061
-83.665154 -13.828952 790.000061
-80.899353 -13.828952 790.000061
-78.825020 -13.828952 790.000061
-76.750679 -13.828952 790.000061
-73.984894 -13.828952 790.000061
-71.219101 -13.828952 790.000061
-68.453308 -13.828952 790.000061
-66.378967 -13.828952 790.000061
-64.304626 -13.828952 790.000061
-61.538826 -13.828952 790.000061
-59.464489 -13.828952 790.000061
-85.739502 -11.754608 790.000061
-83.665154 -11.754608 790.000061
-80.899353 -11.754608 790.000061
-78.825020 -11.754608 790.000061
-76.750679 -11.754609 790.000061
-73.984894 -11.754609 790.000061
-71.219101 -11.754609 790.000061
-68.453308 -11.754608 790.000061
-66.378967 -11.754608 790.000061
-64.304626 -11.754608 790.000061
-61.538826 -11.754608 790.000061
-59.464489 -12.446056 790.000061
-85.739502 -8.988818 790.000061
-83.665154 -8.988818 790.000061
-80.899353 -8.988818 790.000061
-78.825020 -8.988818 790.000061
-76.750679 -8.988818 790.000061
-73.984894 -8.988818 790.000061
-71.219101 -8.988818 790.000061
-68.453308 -8.988818 790.000061
-66.378967 -8.988818 790.000061
-64.304626 -8.988818 790.000061
-61.769310 -9.219301 790.000122
-55.315807 -8.297371 790.000061
-52.550011 -8.297371 790.000061
-51.167118 -8.297371 790.000061
-49.092777 -8.297371 790.000061
-46.557472 -8.758336 790.000122
-43.330715 -8.758336 790.000122
-40.795403 -8.297371 790.000061
-38.721062 -8.297371 790.000061
-85.739502 -6.223028 790.000061
-83.665154 -6.223028 790.000061
-80.899353 -6.223028 790.000061
-78.825020 -6.223028 790.000061
-76.750679 -6.223028 790.000061
-73.984894 -6.223028 790.000061
-71.219101 -6.223028 790.000061
-68.453308 -6.223028 790.000061
-66.378967 -6.223028 790.000061
-64.304626 -6.223028 790.000061
-62.230274 -6.223028 790.000061
-58.081596 -5.531580 790.000061
-55.776775 -5.992546 790.000122
-53.010979 -5.992546 790.000122
-51.167118 -6.223028 790.000061
-49.092777 -6.223028 790.000061
-46.326988 -6.223028 790.000061
-43.561195 -6.223028 790.000061
-41.025887 -6.453511 790.000122
-38.721062 -6.223028 790.000061
-85.739502 -3.457238 790.000061
-83.665154 -3.457238 790.000061
-80.899353 -3.457238 790.000061
-78.825020 -3.457238 790.000061
-76.750679 -3.457238 790.000061
-73.984894 -3.457238 790.000061
-71.219101 -3.457238 790.000061
-68.453308 -3.457238 790.000061
-66.378967 -3.457238 790.000061
-64.304626 -3.457238 790.000061
-62.230274 -3.457238 790.000061
-58.773045 -3.457238 790.000061
-56.007256 -3.457238 790.000061
-53.241459 -3.457238 790.000061
-51.167118 -3.457238 790.000061
-49.092781 -3.457238 790.000061
-46.326988 -3.457238 790.000061
-43.561195 -3.457238 790.000061
-40.795403 -3.457238 790.000061
-85.739502 -1.382895 790.000061
-83.665154 -1.382895 790.000061
-80.899353 -1.382895 790.000061
-78.825020 -1.382895 790.000061
-76.750679 -1.382895 790.000061
-73.984894 -1.382895 790.000061
-71.219101 -1.382895 790.000061
-68.453308 -1.382895 790.000061
-66.378967 -1.382895 790.000061
-64.304626 -1.382895 790.000061
-61.538826 -1.382895 790.000061
-58.773041 -1.382895 790.000061
-56.007256 -1.382895 790.000061
-53.241455 -1.382895 790.000061
-51.167118 -1.382895 790.000061
-49.092777 -1.382895 790.000061
-46.326988 -1.382895 790.000061
-43.561195 -1.382895 790.000061
-41.486855 -1.382895 790.000061
-85.739502 0.691448 790.000061
-83.665154 0.691448 790.000061
-80.899353 0.691448 790.000061
-78.825020 0.691448 790.000061
-76.750679 0.691448 790.000061
-73.984894 0.691448 790.000061
-71.219101 0.691448 790.000061
-68.453308 0.691448 790.000061
-66.378967 0.691448 790.000061
-64.304626 0.691448 790.000061
-61.538826 0.691448 790.000061
-58.773041 0.691448 790.000061
-56.007256 0.691448 790.000061
-53.471939 0.460965 790.000122
-51.167118 -0.000000 790.000061
-49.092777 -0.000000 790.000061
-42.869751 -0.000000 790.000061
-86.430954 3.457238 790.000061
-83.665154 3.457238 790.000061
-80.899353 3.457238 790.000061
-78.825020 3.457238 790.000061
-76.750679 3.457238 790.000061
-73.984894 3.457238 790.000061
-71.219101 3.457238 790.000061
-68.453308 3.457238 790.000061
-66.378967 3.457238 790.000061
-64.304626 3.457238 790.000061
-61.538826 3.457238 790.000061
-58.773045 3.457238 790.000061
-56.007256 3.457238 790.000061
-53.471939 3.687720 790.000122
-51.167118 4.148685 790.000061
-86.430954 6.223028 790.000061
-83.665154 6.223028 790.000061
-80.899353 6.223028 790.000061
-78.825020 6.223028 790.000061
-76.750679 6.223028 790.000061
-73.984894 6.223028 790.000061
-71.219101 6.223028 790.000061
-68.453308 6.223028 790.000061
-66.378967 6.223028 790.000061
-64.304626 5.531580 790.000061
-61.538826 5.531580 790.000061
-58.773041 6.223028 790.000061
-56.007256 6.223028 790.000061
-53.241455 6.223028 790.000061
-51.167118 6.223028 790.000061
-49.784225 6.223028 790.000061
-86.430954 8.988818 790.000061
-83.665154 8.988818 790.000061
-80.899353 8.988818 790.000061
-78.825020 8.988818 790.000061
-76.750679 8.988818 790.000061
-73.984894 8.988818 790.000061
-71.219101 8.988818 790.000061
-68.453308 8.988818 790.000061
-58.773045 8.988818 790.000061
-56.007256 8.988818 790.000061
-53.241459 8.988818 790.000061
-51.167118 8.988818 790.000061
-49.323265 9.219301 790.000122
-42.869751 9.680265 790.000061
-41.486855 9.680265 790.000061
-86.430954 11.754608 790.000061
-83.665154 11.754608 790.000061
-80.899353 11.754609 790.000061
-78.825020 11.754608 790.000061
-76.750679 11.754608 790.000061
-73.984886 11.754608 790.000061
-71.219101 11.754608 790.000061
-68.453308 11.754608 790.000061
-66.378967 11.754608 790.000061
-58.081596 11.754608 790.000061
-56.007256 11.754609 790.000061
-53.241455 11.754608 790.000061
-51.167118 11.754608 790.000061
-49.092781 11.754609 790.000061
-46.326988 11.754608 790.000061
-43.561195 11.754608 790.000061
-40.795403 11.754608 790.000061
-38.721062 11.754608 790.000061
-37.338169 12.446056 790.000061
-23.970182 11.524127 790.000122
-21.434875 11.754609 790.000061
-19.360531 11.754608 790.000061
-86.430954 13.828952 790.000061
-83.665154 13.828952 790.000061
-80.899353 13.828952 790.000061
-78.825020 13.828952 790.000061
-76.750679 13.828952 790.000061
-73.984894 13.828952 790.000061
-71.219101 13.828952 790.000061
-68.453308 13.828952 790.000061
-66.378967 13.828952 790.000061
-58.081596 13.828952 790.000061
-56.007256 13.828952 790.000061
-53.241455 13.828952 790.000061
-51.167118 13.828952 790.000061
-49.092777 13.828952 790.000061
-46.326988 13.828952 790.000061
-43.561195 13.828952 790.000061
-40.795403 13.828952 790.000061
-38.721062 13.828952 790.000061
-36.646721 13.828952 790.000061
-23.509218 13.828952 790.000061
-21.434875 13.828952 790.000061
-19.360531 13.828952 790.000061
-86.430954 15.903294 790.000061
-83.665154 15.903294 790.000061
-80.899353 15.903294 790.000061
-78.825020 15.903294 790.000061
-76.750679 15.903294 790.000061
-73.984894 15.903294 790.000061
-71.219101 15.903294 790.000061
-68.453308 15.903294 790.000061
-66.378967 15.903294 790.000061
-64.304626 16.594742 790.000061
-55.776775 15.672812 790.000122
-53.241455 15.903294 790.000061
-51.167118 15.903294 790.000061
-49.092781 15.903294 790.000061
-46.326988 15.903294 790.000061
-43.561195 15.903294 790.000061
-40.795403 15.903294 790.000061
-38.721062 15.903294 790.000061
-36.646721 15.903294 790.000061
-33.880928 16.594742 790.000061
-30.423691 16.594742 790.000061
-20.743427 15.903294 790.000061
-18.669083 16.594742 790.000061
-16.594742 16.594742 790.000061
-86.430954 18.669083 790.000061
-83.665154 18.669083 790.000061
-80.899353 18.669085 790.000061
-78.825020 18.669083 790.000061
-76.750679 18.669083 790.000061
-73.984894 18.669083 790.000061
-71.219101 18.669083 790.000061
-68.453308 18.669085 790.000061
-66.378967 18.669083 790.000061
-64.304626 18.669083 790.000061
-61.769310 18.899567 790.000122
-55.315807 18.669083 790.000061
-53.241455 18.669083 790.000061
-51.167118 18.669083 790.000061
-49.092781 18.669083 790.000061
-46.326988 18.669085 790.000061
-43.561195 18.669085 790.000061
-40.795403 18.669085 790.000061
-38.721062 18.669083 790.000061
-36.646721 18.669083 790.000061
-33.880928 18.669083 790.000061
-31.115139 18.669083 790.000061
-18.438602 18.899567 790.000122
-15.903294 19.360531 790.000061
-86.200470 21.204391 790.000122
-83.665154 21.434874 790.000061
-80.899353 21.434874 790.000061
-78.825020 21.434875 790.000061
-76.750679 21.434875 790.000061
-73.984894 21.434875 790.000061
-71.219101 21.434875 790.000061
-68.453308 21.434875 790.000061
-66.378967 21.434875 790.000061
-64.304626 21.434875 790.000061
-61.538826 21.434875 790.000061
-55.315807 21.434875 790.000061
-53.241455 21.434875 790.000061
-51.167118 21.434875 790.000061
-49.092781 21.434875 790.000061
-46.326988 21.434874 790.000061
-43.561195 21.434875 790.000061
-40.795403 21.434875 790.000061
-38.721062 20.743427 790.000061
-36.646721 21.434875 790.000061
-33.880928 21.434875 790.000061
-31.115139 21.434875 790.000061
-28.349350 21.434875 790.000061
-20.743427 20.743427 790.000061
-19.360531 20.743427 790.000061
-85.739502 23.509218 790.000061
-83.665154 24.200666 790.000061
-80.899353 24.200666 790.000061
-78.825020 24.200665 790.000061
-76.750679 24.200665 790.000061
-73.984894 24.200665 790.000061
-71.219101 24.200665 790.000061
-68.453308 24.200665 790.000061
-66.378967 24.200665 790.000061
-64.304626 24.200665 790.000061
-61.538826 24.200665 790.000061
-58.773041 24.200665 790.000061
-56.007256 24.200665 790.000061
-53.241455 24.200665 790.000061
-51.167118 24.200665 790.000061
-49.092781 24.200665 790.000061
-46.326988 24.200665 790.000061
-43.561195 24.200665 790.000061
-40.795403 24.200665 790.000061
-36.646721 24.200665 790.000061
-33.880928 24.200665 790.000061
-31.115139 24.200665 790.000061
-28.349352 24.200665 790.000061
-26.275005 24.200665 790.000061
-24.431149 24.431149 790.000122
-21.204393 24.431149 790.000122
-19.360531 24.892113 790.000061
-83.665154 26.275005 790.000061
-80.899353 26.275005 790.000061
-78.825020 26.275005 790.000061
-76.750679 26.275005 790.000061
-73.984894 26.275005 790.000061
-71.219101 26.275005 790.000061
-68.453308 26.275005 790.000061
-66.378967 26.275005 790.000061
-64.304626 26.275005 790.000061
-61.538826 26.275005 790.000061
-58.773041 26.275005 790.000061
-56.007256 26.275005 790.000061
-53.241455 26.275005 790.000061
-51.167118 26.275005 790.000061
-49.092777 26.275005 790.000061
-45.635536 26.275005 790.000061
-35.955273 26.275005 790.000061
-33.880928 26.275005 790.000061
-31.115139 26.275005 790.000061
-28.349350 26.275005 790.000061
-26.275005 26.275005 790.000061
-24.200665 26.275005 790.000061
-21.434875 26.275005 790.000061
-19.360531 26.275005 790.000061
-83.665154 28.349350 790.000061
-80.899353 28.349350 790.000061
-78.825020 28.349350 790.000061
-76.750679 28.349350 790.000061
-73.984894 28.349350 790.000061
-71.219101 28.349352 790.000061
-68.453308 28.349352 790.000061
-66.378967 28.349350 790.000061
-64.304626 28.349350 790.000061
-61.538826 28.349352 790.000061
-58.773041 28.349350 790.000061
-56.007256 28.349350 790.000061
-53.241455 28.349352 790.000061
-51.167118 29.040798 790.000061
-48.401329 29.040798 790.000061
-33.189484 27.657904 790.000061
-30.884657 28.118870 790.000122
-28.349350 28.349350 790.000061
-26.275005 28.349350 790.000061
-24.200666 28.349352 790.000061
-21.434875 28.349352 790.000061
-19.360531 28.349350 790.000061
-83.665154 31.115139 790.000061
-80.899353 31.115139 790.000061
-78.825020 31.115139 790.000061
-76.750679 31.115139 790.000061
-73.984894 31.115139 790.000061
-71.219101 31.115139 790.000061
-68.453308 31.115139 790.000061
-66.378967 31.115139 790.000061
-64.304626 31.115139 790.000061
-61.538826 31.115139 790.000061
-58.773041 31.115139 790.000061
-56.007256 31.115139 790.000061
-53.241455 31.115139 790.000061
-51.167118 31.115139 790.000061
-48.862297 31.345623 790.000122
-46.326988 31.115139 790.000061
-44.252644 31.115139 790.000061
-30.423691 31.115139 790.000061
-28.349352 31.115139 790.000061
-26.275005 31.115139 790.000061
-24.200665 31.115139 790.000061
-21.434875 30.423691 790.000061
-83.665154 33.880928 790.000061
-80.899353 33.880928 790.000061
-78.825020 33.880928 790.000061
-76.750679 33.880928 790.000061
-73.984894 33.880928 790.000061
-71.219101 33.880928 790.000061
-68.453308 33.880928 790.000061
-66.378967 33.880928 790.000061
-64.304626 33.880928 790.000061
-61.538826 33.880928 790.000061
-58.773041 33.880928 790.000061
-56.007256 33.880928 790.000061
-53.241455 33.880928 790.000061
-51.167118 33.880928 790.000061
-49.092777 33.880928 790.000061
-46.326988 33.880928 790.000061
-43.561195 33.880928 790.000061
-30.423691 33.880928 790.000061
-28.349352 33.880928 790.000061
-26.275005 33.880928 790.000061
-24.892113 33.880928 790.000061
-83.665154 36.646721 790.000061
-80.899353 36.646721 790.000061
-78.825020 36.646721 790.000061
-76.750679 36.646721 790.000061
-73.984894 36.646721 790.000061
-71.219101 36.646721 790.000061
-68.453308 36.646721 790.000061
-66.378967 36.646721 790.000061
-64.304626 36.646721 790.000061
-61.538826 36.646721 790.000061
-58.773041 36.646721 790.000061
-56.007256 36.646721 790.000061
-53.241455 36.646721 790.000061
-51.167118 36.646721 790.000061
-49.092781 36.646721 790.000061
-46.326988 36.646721 790.000061
-43.561195 36.646721 790.000061
-40.795403 36.646721 790.000061
-38.721062 36.646721 790.000061
-36.877205 36.877205 790.000122
-34.572376 36.646721 790.000061
-29.040798 35.955273 790.000061
-83.665154 38.721062 790.000061
-80.899353 38.721062 790.000061
-78.825020 38.721062 790.000061
-76.750679 38.721062 790.000061
-73.984894 38.721062 790.000061
-71.219101 38.721062 790.000061
-68.453308 38.721062 790.000061
-66.378967 38.721062 790.000061
-64.304626 38.721062 790.000061
-61.538826 38.721062 790.000061
-58.773041 38.721062 790.000061
-56.007256 38.721062 790.000061
-53.241455 38.721062 790.000061
-51.167118 38.721062 790.000061
-49.092777 38.721062 790.000061
-46.326988 38.721062 790.000061
-43.561195 38.721062 790.000061
-40.795403 38.721062 790.000061
-38.721062 38.721062 790.000061
-36.646721 38.721062 790.000061
-34.572376 38.721062 790.000061
-83.665154 40.795406 790.000061
-80.899353 40.795406 790.000061
-78.825020 40.795403 790.000061
-76.750679 40.795406 790.000061
-73.984894 40.795403 790.000061
-71.219101 40.795403 790.000061
-68.453308 40.795403 790.000061
-66.378967 40.795403 790.000061
-64.304626 40.795403 790.000061
-61.538826 40.795403 790.000061
-58.773041 40.795406 790.000061
-56.007256 40.795406 790.000061
-53.241455 40.795406 790.000061
-51.167118 40.795403 790.000061
-49.092781 40.795403 790.000061
-46.326988 40.795403 790.000061
-43.561195 40.795403 790.000061
-40.795406 40.795403 790.000061
-38.721062 40.795403 790.000061
-36.646721 40.795403 790.000061
-33.880928 40.795403 790.000061
-31.345623 41.025890 790.000122
-83.665154 43.561195 790.000061
-80.899353 43.561195 790.000061
-78.825020 43.561195 790.000061
-76.750679 43.561195 790.000061
-73.984894 43.561195 790.000061
-71.219101 43.561195 790.000061
-68.453308 43.561195 790.000061
-66.378967 43.561195 790.000061
-64.304626 43.561195 790.000061
-61.538826 43.561195 790.000061
-58.773041 43.561195 790.000061
-56.007256 43.561195 790.000061
-53.241459 43.561195 790.000061
-51.167118 43.561195 790.000061
-49.092777 43.561195 790.000061
-46.326988 43.561195 790.000061
-43.561195 43.561195 790.000061
-40.795403 43.561195 790.000061
-38.721062 43.561195 790.000061
-36.646721 43.561195 790.000061
-33.880928 43.561195 790.000061
-31.115139 43.561195 790.000061
-29.040798 44.252644 790.000061
-26.275005 42.869751 790.000061
-83.665154 46.326988 790.000061
-80.899353 46.326988 790.000061
-78.825020 46.326988 790.000061
-76.750679 46.326984 790.000061
-73.984894 46.326984 790.000061
-71.219101 46.326984 790.000061
-68.453308 46.326988 790.000061
-66.378967 46.326988 790.000061
-64.304626 46.326988 790.000061
-61.538826 46.326988 790.000061
-58.773041 46.326988 790.000061
-56.007256 46.326988 790.000061
-53.241455 46.326988 790.000061
-51.167118 46.326988 790.000061
-49.092777 46.326988 790.000061
-46.326988 46.326988 790.000061
-43.561195 46.326988 790.000061
-40.795403 46.326988 790.000061
-38.721062 46.326988 790.000061
-36.646721 46.326988 790.000061
-33.880928 46.326988 790.000061
-31.115139 46.326988 790.000061
-28.579834 46.557472 790.000122
-26.275005 47.018436 790.000061
-24.892113 47.018436 790.000061
-86.200470 49.323265 790.000122
-83.665154 49.092777 790.000061
-80.899353 49.092777 790.000061
-78.825020 49.092777 790.000061
-76.750679 49.092777 790.000061
-73.984894 49.092777 790.000061
-71.219101 49.092777 790.000061
-68.453308 49.092777 790.000061
-66.378967 49.092777 790.000061
-64.304626 49.092777 790.000061
-61.538826 49.092777 790.000061
-58.773041 49.092777 790.000061
-56.007256 49.092777 790.000061
-53.241455 49.092777 790.000061
-51.167118 49.092777 790.000061
-49.092781 49.092781 790.000061
-46.326988 49.092781 790.000061
-43.561195 49.092781 790.000061
-40.795403 49.092777 790.000061
-38.721062 49.092777 790.000061
-36.646721 49.092781 790.000061
-33.880928 49.092781 790.000061
-31.115139 49.092777 790.000061
-28.349350 49.092777 790.000061
-26.275005 49.092777 790.000061
-24.200665 49.092777 790.000061
-86.430954 51.167118 790.000061
-83.665154 51.167118 790.000061
-80.899353 51.167118 790.000061
-78.825020 51.167118 790.000061
-76.750679 51.167118 790.000061
-74.676338 51.167118 790.000061
-71.219101 51.167118 790.000061
-68.453308 51.167118 790.000061
-66.378967 51.167118 790.000061
-64.304626 51.167118 790.000061
-61.538826 51.167118 790.000061
-58.773041 51.167118 790.000061
-56.007256 51.167118 790.000061
-53.241455 51.167118 790.000061
-51.167118 51.167118 790.000061
-49.092777 51.167118 790.000061
-46.326988 51.167118 790.000061
-43.561195 51.167118 790.000061
-40.795403 51.167118 790.000061
-38.721062 51.167118 790.000061
-36.646721 51.167118 790.000061
-33.880928 51.167118 790.000061
-31.115139 51.167118 790.000061
-28.349350 51.167118 790.000061
-26.275005 51.167118 790.000061
-24.892113 51.167118 790.000061
-86.430954 52.550011 790.000061
-83.895638 53.010979 790.000122
-80.899353 53.241459 790.000061
-78.825020 52.550011 790.000061
-63.613174 52.550011 790.000061
-61.538826 52.550011 790.000061
-58.773041 53.241459 790.000061
-56.007256 53.241455 790.000061
-53.010979 53.010979 790.000122
-51.167118 53.241455 790.000061
-49.092781 53.241459 790.000061
-46.326988 53.241459 790.000061
-43.561195 53.241455 790.000061
-38.721062 53.241455 790.000061
-36.646721 53.241459 790.000061
-33.880928 53.241455 790.000061
-31.115139 53.241459 790.000061
-28.349350 53.241455 790.000061
-46.326988 55.315807 790.000061
-44.252644 55.315807 790.000061
-36.646721 55.315807 790.000061
-33.650448 55.776775 790.000122
-31.345623 55.776775 790.000122
-28.349350 55.315807 790.000061
-82.623596 -60.217197 800.000000
-81.223206 -60.217197 800.000000
-79.122604 -60.217197 800.000000
-76.321808 -60.217197 800.000000
-73.520996 -60.217197 800.000000
-68.619598 -60.217197 800.000000
-66.518997 -60.217197 800.000000
-63.718197 -60.217197 800.000000
-60.917397 -60.217197 800.000000
-58.816803 -60.217197 800.000000
-56.716202 -60.217197 800.000000
-53.915398 -60.217197 800.000000
-86.124603 -58.816803 800.000000
-83.323792 -58.816803 800.000000
-81.223206 -58.816803 800.000000
-79.122604 -58.816803 800.000000
-76.321808 -58.816803 800.000000
-73.520996 -58.816803 800.000000
-70.720200 -58.816803 800.000000
-68.619598 -58.816803 800.000000
-66.518997 -58.816803 800.000000
-63.718197 -58.816803 800.000000
-60.917397 -58.816803 800.000000
-58.816803 -58.816803 800.000000
-56.716202 -58.816803 800.000000
-53.915398 -58.816803 800.000000
-35.710197 -58.816803 800.000000
-33.609600 -58.816803 800.000000
-31.508999 -58.816803 800.000000
-28.708202 -58.816803 800.000000
-25.907400 -58.816803 800.000000
-23.806801 -58.816803 800.000000
-21.706200 -58.816803 800.000000
-18.905399 -58.816803 800.000000
-16.104599 -58.816803 800.000000
-13.303801 -58.816803 800.000000
-11.203200 -58.816803 800.000000
-9.102600 -58.816803 800.000000
-6.301800 -58.816803 800.000000
-3.501000 -58.816803 800.000000
-1.400400 -58.816803 800.000000
0.700200 -58.816803 800.000000
3.501000 -58.816803 800.000000
6.301800 -58.816803 800.000000
9.102600 -58.816803 800.000000
19.605600 -58.816803 800.000000
-88.225204 -56.016003 800.000000
-86.124603 -56.716202 800.000000
-83.323792 -56.716202 800.000000
-81.223206 -56.716202 800.000000
-79.122597 -56.716202 800.000000
-76.321808 -56.716202 800.000000
-73.520996 -56.716202 800.000000
-70.720200 -56.716202 800.000000
-68.619598 -56.716202 800.000000
-66.518997 -56.716202 800.000000
-63.718197 -56.716202 800.000000
-60.917397 -56.716202 800.000000
-58.816803 -56.716202 800.000000
-56.716202 -56.716202 800.000000
-53.915398 -56.716202 800.000000
-51.114601 -56.716202 800.000000
-48.313805 -56.016003 800.000000
-46.213200 -56.016003 800.000000
-44.112602 -56.016003 800.000000
-40.611603 -56.016003 800.000000
-38.277603 -56.482803 800.000000
-35.710197 -56.716202 800.000000
-33.609600 -56.716202 800.000000
-31.508999 -56.716202 800.000000
-28.708202 -56.716202 800.000000
-25.907400 -56.716202 800.000000
-23.806801 -56.716202 800.000000
-21.706200 -56.716202 800.000000
-18.905399 -56.716202 800.000000
-16.104599 -56.716202 800.000000
-13.303801 -56.716202 800.000000
-11.203200 -56.716202 800.000000
-9.102600 -56.716202 800.000000
-6.301800 -56.716202 800.000000
-3.501000 -56.716202 800.000000
-1.400400 -56.716202 800.000000
0.700200 -56.716202 800.000000
3.501000 -56.716202 800.000000
6.301800 -56.716202 800.000000
9.102600 -56.716202 800.000000
11.203200 -56.016003 800.000000
13.303801 -56.016003 800.000000
15.871200 -56.482803 800.000000
19.138800 -56.482803 800.000000
21.472799 -56.482803 800.000000
-88.225204 -53.915398 800.000000
-86.124603 -53.915398 800.000000
-83.323792 -54.615597 800.000000
-81.223206 -53.915398 800.000000
-79.122604 -53.915398 800.000000
-76.321808 -53.915398 800.000000
-73.520996 -53.915398 800.000000
-70.720200 -53.915398 800.000000
-68.619598 -53.915398 800.000000
-66.518997 -53.915398 800.000000
-63.718201 -53.915398 800.000000
-60.917397 -53.915398 800.000000
-58.816803 -53.915398 800.000000
-56.716202 -53.915398 800.000000
-53.915398 -53.915398 800.000000
-51.114601 -53.915398 800.000000
-48.313805 -53.915398 800.000000
-46.213200 -53.915398 800.000000
-44.112598 -53.915398 800.000000
-41.311798 -53.915398 800.000000
-38.511002 -53.915398 800.000000
-35.710197 -53.915398 800.000000
-33.609600 -53.915398 800.000000
-31.508999 -53.915398 800.000000
-28.708202 -53.915398 800.000000
-25.907400 -53.915398 800.000000
-23.806801 -53.915398 800.000000
-21.706200 -53.915398 800.000000
-18.905399 -53.915398 800.000000
-16.104599 -53.915398 800.000000
-13.303801 -53.915398 800.000000
-11.203200 -53.915398 800.000000
-9.102600 -53.915398 800.000000
-6.301800 -53.915398 800.000000
-3.501000 -53.915398 800.000000
-1.400400 -53.915398 800.000000
0.700200 -53.915398 800.000000
3.501000 -53.915398 800.000000
6.301800 -53.915398 800.000000
9.102600 -53.915398 800.000000
11.203200 -53.915398 800.000000
13.303801 -53.915398 800.000000
16.104599 -53.915398 800.000000
18.905399 -53.915398 800.000000
21.005999 -53.215199 800.000000
-86.824799 -51.114601 800.000000
-82.623596 -50.414402 800.000000
-81.223206 -51.114601 800.000000
-79.122597 -51.114601 800.000000
-76.321808 -51.114601 800.000000
-73.520996 -51.114601 800.000000
-70.720200 -51.114601 800.000000
-68.619598 -51.114601 800.000000
-66.519005 -51.114601 800.000000
-63.718201 -51.114601 800.000000
-60.917397 -51.114601 800.000000
-58.816803 -51.114601 800.000000
-56.716202 -51.114601 800.000000
-53.915398 -51.114601 800.000000
-51.114601 -51.114601 800.000000
-48.313805 -51.114597 800.000000
-46.213200 -51.114601 800.000000
-44.112602 -51.114601 800.000000
-41.311798 -51.114601 800.000000
-38.511002 -51.114601 800.000000
-35.710197 -51.114601 800.000000
-33.609600 -51.114601 800.000000
-31.508999 -51.114597 800.000000
-28.708202 -51.114597 800.000000
-25.907400 -51.114597 800.000000
-23.806801 -51.114601 800.000000
-21.706200 -51.114601 800.000000
-18.905399 -51.114601 800.000000
-16.104599 -51.114601 800.000000
-13.303801 -51.114597 800.000000
-11.203200 -51.114601 800.000000
-9.102600 -51.114597 800.000000
-6.301800 -51.114601 800.000000
-3.501000 -51.114601 800.000000
-1.400400 -51.114601 800.000000
0.700200 -51.114601 800.000000
3.501000 -51.114601 800.000000
6.301800 -51.114601 800.000000
9.102600 -51.114601 800.000000
11.203200 -51.114601 800.000000
13.303801 -51.114601 800.000000
16.104599 -51.114597 800.000000
18.905399 -51.114601 800.000000
21.005999 -51.114601 800.000000
-86.824799 -48.313805 800.000000
-82.623596 -48.313805 800.000000
-81.223206 -48.313805 800.000000
-79.122604 -48.313801 800.000000
-76.321808 -48.313801 800.000000
-73.520996 -48.313801 800.000000
-70.720200 -48.313805 800.000000
-68.619598 -48.313805 800.000000
-66.518997 -48.313801 800.000000
-64.418396 -49.014004 800.000000
-60.917397 -49.014004 800.000000
-58.816803 -48.313805 800.000000
-56.716202 -48.313805 800.000000
-53.915398 -48.313805 800.000000
-51.114601 -48.313805 800.000000
-48.313805 -48.313801 800.000000
-46.213200 -48.313805 800.000000
-44.112602 -48.313801 800.000000
-41.311798 -48.313805 800.000000
-38.511002 -48.313801 800.000000
-35.710197 -48.313805 800.000000
-33.609600 -48.313805 800.000000
-31.508999 -48.313801 800.000000
-28.708202 -48.313801 800.000000
-25.907400 -48.313805 800.000000
-23.806801 -48.313805 800.000000
-21.706200 -48.313805 800.000000
-18.905399 -48.313805 800.000000
-16.104599 -48.313805 800.000000
-13.303801 -48.313805 800.000000
-11.203200 -48.313805 800.000000
-9.102600 -48.313805 800.000000
-6.301800 -48.313805 800.000000
-3.501000 -48.313805 800.000000
-1.400400 -48.313805 800.000000
0.700200 -48.313805 800.000000
3.501000 -48.313805 800.000000
6.301800 -48.313805 800.000000
9.102600 -48.313805 800.000000
11.203200 -48.313805 800.000000
13.303801 -48.313801 800.000000
16.104599 -48.313801 800.000000
18.905399 -48.313805 800.000000
21.472799 -48.080406 800.000000
28.008001 -47.613602 800.000000
-82.623596 -46.213200 800.000000
-81.223206 -46.213200 800.000000
-79.122604 -46.213200 800.000000
-76.321808 -46.213200 800.000000
-73.520996 -46.213200 800.000000
-70.720200 -46.213200 800.000000
-68.619598 -46.213200 800.000000
-66.518997 -46.213200 800.000000
-56.716202 -46.213200 800.000000
-53.915398 -46.213200 800.000000
-51.114601 -46.213200 800.000000
-48.313805 -46.213200 800.000000
-46.213200 -46.213200 800.000000
-44.112602 -46.213200 800.000000
-41.311798 -46.213200 800.000000
-38.511002 -46.213200 800.000000
-35.710197 -46.213200 800.000000
-33.609600 -46.213200 800.000000
-31.508999 -46.213200 800.000000
-28.708202 -46.213200 800.000000
-25.907400 -46.213200 800.000000
-23.806801 -46.213200 800.000000
-21.706200 -46.213200 800.000000
-18.905399 -46.213200 800.000000
-16.104599 -46.213200 800.000000
-13.303801 -46.213200 800.000000
-11.203200 -46.213200 800.000000
-9.102600 -46.213200 800.000000
-6.301800 -46.213200 800.000000
-3.501000 -46.213200 800.000000
-1.400400 -46.213200 800.000000
0.700200 -46.213200 800.000000
3.501000 -46.213200 800.000000
6.301800 -46.213200 800.000000
9.102600 -46.213200 800.000000
11.203200 -46.213200 800.000000
13.303801 -46.213200 800.000000
16.104599 -46.213200 800.000000
18.905399 -46.213200 800.000000
21.706200 -46.213200 800.000000
23.806801 -46.213200 800.000000
28.008001 -46.213200 800.000000
-81.223206 -44.812801 800.000000
-79.122597 -44.112602 800.000000
-76.321808 -44.112598 800.000000
-73.520996 -44.112598 800.000000
-70.720200 -44.112598 800.000000
-68.619598 -44.112602 800.000000
-66.518997 -44.112598 800.000000
-63.951599 -43.879204 800.000000
-60.917397 -43.412399 800.000000
-58.816803 -43.412399 800.000000
-56.716202 -44.112602 800.000000
-53.915398 -44.112598 800.000000
-51.114601 -44.112598 800.000000
-48.313801 -44.112602 800.000000
-46.213200 -44.112602 800.000000
-44.112602 -44.112598 800.000000
-41.311798 -44.112598 800.000000
-38.511002 -44.112598 800.000000
-35.710197 -44.112598 800.000000
-33.609600 -44.112602 800.000000
-31.508999 -44.112602 800.000000
-28.708202 -44.112602 800.000000
-25.907400 -44.112598 800.000000
-23.806801 -44.112602 800.000000
-21.706200 -44.112598 800.000000
-18.905399 -44.112602 800.000000
-16.104599 -44.112602 800.000000
-13.303801 -44.112602 800.000000
-11.203200 -44.112602 800.000000
-9.102600 -44.112602 800.000000
-6.301800 -44.112602 800.000000
-3.501000 -44.112602 800.000000
-1.400400 -44.112602 800.000000
0.700200 -44.112598 800.000000
3.501000 -44.112598 800.000000
6.301800 -44.112598 800.000000
9.102600 -44.112602 800.000000
11.203200 -44.112602 800.000000
13.303801 -44.112602 800.000000
16.104599 -44.112598 800.000000
18.905399 -44.112598 800.000000
21.706200 -44.112598 800.000000
23.806801 -43.412399 800.000000
25.907400 -43.412399 800.000000
28.008001 -44.112602 800.000000
-76.321808 -41.311798 800.000000
-73.520996 -41.311798 800.000000
-70.720200 -41.311798 800.000000
-68.619598 -41.311798 800.000000
-66.518997 -41.311798 800.000000
-63.718201 -41.311798 800.000000
-60.917397 -41.311798 800.000000
-58.816803 -41.311798 800.000000
-56.716202 -41.311798 800.000000
-53.915398 -41.311798 800.000000
-51.114601 -41.311798 800.000000
-48.313805 -41.311798 800.000000
-46.213200 -41.311798 800.000000
-44.112602 -41.311798 800.000000
-41.311798 -41.311798 800.000000
-38.511002 -41.311798 800.000000
-35.710197 -41.311798 800.000000
-33.609600 -41.311798 800.000000
-31.508999 -41.311798 800.000000
-28.708202 -41.311798 800.000000
-25.907400 -41.311798 800.000000
-23.806801 -41.311798 800.000000
-21.706200 -41.311798 800.000000
-18.905399 -41.311798 800.000000
-16.104599 -41.311798 800.000000
-13.303801 -41.311798 800.000000
-11.203200 -41.311798 800.000000
-9.102600 -41.311798 800.000000
-6.301800 -41.311798 800.000000
-3.501000 -41.311798 800.000000
-1.400400 -41.311798 800.000000
0.700200 -41.311798 800.000000
3.501000 -41.311798 800.000000
6.301800 -41.311798 800.000000
9.102600 -41.311798 800.000000
11.203200 -41.311798 800.000000
13.303801 -41.311798 800.000000
16.104599 -41.311798 800.000000
18.905399 -41.311798 800.000000
21.706200 -41.311798 800.000000
23.806801 -42.011997 800.000000
25.907400 -42.011997 800.000000
28.474804 -41.545197 800.000000
-70.020004 -38.511002 800.000000
-68.619598 -38.511002 800.000000
-66.518997 -38.511002 800.000000
-63.718197 -38.511002 800.000000
-60.917397 -38.511002 800.000000
-58.816803 -38.511002 800.000000
-56.716202 -38.511002 800.000000
-53.915398 -38.511002 800.000000
-51.114597 -38.511002 800.000000
-48.313805 -38.511002 800.000000
-46.213200 -38.511002 800.000000
-44.112602 -38.511002 800.000000
-41.311798 -38.511002 800.000000
-38.511002 -38.511002 800.000000
-35.710197 -38.511002 800.000000
-33.609600 -38.511002 800.000000
-31.508999 -38.511002 800.000000
-28.708202 -38.511002 800.000000
-25.907400 -38.511002 800.000000
-23.806801 -38.511002 800.000000
-21.706200 -38.511002 800.000000
-18.905399 -38.511002 800.000000
-16.104601 -38.511002 800.000000
-13.303801 -38.511002 800.000000
-11.203200 -38.511002 800.000000
-9.102600 -38.511002 800.000000
-6.301800 -38.511002 800.000000
-3.501000 -38.511002 800.000000
-1.400400 -38.511002 800.000000
0.700200 -38.511002 800.000000
3.501000 -38.511002 800.000000
6.301800 -38.511002 800.000000
9.102600 -38.511002 800.000000
11.203200 -38.511002 800.000000
13.303801 -38.511002 800.000000
16.104599 -38.511002 800.000000
18.905399 -39.211201 800.000000
28.008001 -39.211201 800.000000
-70.020004 -36.410397 800.000000
-68.619598 -35.710197 800.000000
-66.518997 -35.710197 800.000000
-63.718201 -35.710201 800.000000
-60.917397 -35.710197 800.000000
-58.816803 -35.710197 800.000000
-56.716202 -35.710197 800.000000
-53.915398 -35.710201 800.000000
-51.114601 -35.710197 800.000000
-48.313805 -35.710201 800.000000
-46.213200 -35.710197 800.000000
-44.112602 -35.710197 800.000000
-41.311798 -35.710197 800.000000
-38.511002 -35.710197 800.000000
-35.710197 -35.710197 800.000000
-33.609600 -35.710197 800.000000
-31.508999 -35.710197 800.000000
-28.708202 -35.710197 800.000000
-25.907400 -35.710197 800.000000
-23.806801 -35.710197 800.000000
-21.706200 -35.710201 800.000000
-18.905399 -35.710197 800.000000
-16.104599 -35.710197 800.000000
-13.303801 -35.710197 800.000000
-11.203200 -35.710197 800.000000
-9.102600 -35.710197 800.000000
-6.301800 -35.710197 800.000000
-3.501000 -35.710197 800.000000
-1.400400 -35.710197 800.000000
0.700200 -35.710197 800.000000
3.501000 -35.710197 800.000000
6.301800 -35.710201 800.000000
9.102600 -35.710197 800.000000
11.203200 -35.710197 800.000000
13.303801 -35.710197 800.000000
16.104599 -35.710197 800.000000
-68.619598 -33.609600 800.000000
-66.518997 -33.609600 800.000000
-63.718197 -33.609600 800.000000
-60.917397 -33.609600 800.000000
-58.816803 -33.609600 800.000000
-56.716202 -33.609600 800.000000
-53.915398 -33.609600 800.000000
-51.114601 -33.609600 800.000000
-48.313805 -33.609600 800.000000
-46.213200 -33.609600 800.000000
-44.112602 -33.609600 800.000000
-41.311798 -33.609600 800.000000
-38.511002 -33.609600 800.000000
-35.710197 -33.609600 800.000000
-33.609600 -33.609600 800.000000
-31.508999 -33.609600 800.000000
-28.708202 -33.609600 800.000000
-25.907400 -33.609600 800.000000
-23.806801 -33.609600 800.000000
-21.706200 -33.609600 800.000000
-18.905399 -33.609600 800.000000
-16.104599 -33.609600 800.000000
-13.303801 -33.609600 800.000000
-11.203200 -33.609600 800.000000
-9.102600 -33.609600 800.000000
-6.301800 -33.609600 800.000000
-3.501000 -33.609600 800.000000
-1.400400 -33.609600 800.000000
0.700200 -33.609600 800.000000
3.501000 -33.609600 800.000000
6.301800 -33.609600 800.000000
9.102600 -33.609600 800.000000
11.203200 -33.609600 800.000000
13.303801 -33.609600 800.000000
16.104599 -33.609600 800.000000
-68.619598 -31.508999 800.000000
-66.518997 -31.508999 800.000000
-63.718201 -31.508999 800.000000
-60.917397 -31.508999 800.000000
-58.816803 -31.508999 800.000000
-56.716202 -31.508999 800.000000
-53.915398 -31.508999 800.000000
-51.114601 -31.508999 800.000000
-48.313801 -31.508999 800.000000
-46.213200 -31.508999 800.000000
-44.112602 -31.508999 800.000000
-41.311798 -31.508999 800.000000
-38.511002 -31.508999 800.000000
-35.710197 -31.508999 800.000000
-33.609600 -31.508999 800.000000
-31.508999 -31.508999 800.000000
-28.708202 -31.508999 800.000000
-25.907400 -31.508999 800.000000
-23.806801 -31.508999 800.000000
-21.706200 -31.508999 800.000000
-18.905399 -31.508999 800.000000
-16.104599 -31.508999 800.000000
-13.303801 -31.508999 800.000000
-11.203200 -31.508999 800.000000
-9.102600 -31.508999 800.000000
-6.301800 -31.508999 800.000000
-3.501000 -31.508999 800.000000
-1.400400 -31.508999 800.000000
0.700200 -31.508999 800.000000
3.501000 -31.508999 800.000000
6.301800 -31.508999 800.000000
9.102600 -31.508999 800.000000
11.203200 -31.508999 800.000000
13.303801 -31.508999 800.000000
16.104599 -31.508999 800.000000
22.406401 -30.808800 800.000000
-70.486801 -28.474804 800.000000
-68.619598 -28.708202 800.000000
-66.518997 -28.708202 800.000000
-63.718197 -28.708202 800.000000
-60.917397 -28.708202 800.000000
-58.816803 -28.708202 800.000000
-56.716202 -28.708202 800.000000
-53.915398 -28.708202 800.000000
-51.114601 -28.708202 800.000000
-48.313801 -28.708202 800.000000
-46.213200 -28.708202 800.000000
-44.112602 -28.708202 800.000000
-41.311798 -28.708202 800.000000
-38.511002 -28.708202 800.000000
-35.710197 -28.708202 800.000000
-33.609600 -28.708202 800.000000
-31.508999 -28.708202 800.000000
-28.708202 -28.708202 800.000000
-25.907400 -28.708202 800.000000
-23.806801 -28.708202 800.000000
-21.706200 -28.708202 800.000000
-18.905399 -28.708202 800.000000
-16.104599 -28.708202 800.000000
-13.303801 -28.708202 800.000000
-11.203200 -28.708202 800.000000
-9.102600 -28.708202 800.000000
-6.301800 -28.708202 800.000000
-3.501000 -28.708202 800.000000
-1.400400 -28.708202 800.000000
0.700200 -28.708202 800.000000
3.501000 -28.708202 800.000000
6.301800 -28.708202 800.000000
9.102600 -28.708202 800.000000
11.203200 -28.708202 800.000000
13.303801 -28.708202 800.000000
16.104599 -28.708202 800.000000
18.205198 -28.008001 800.000000
22.406401 -28.708202 800.000000
25.207201 -28.708202 800.000000
-70.020004 -25.207201 800.000000
-68.619598 -25.907400 800.000000
-67.219200 -25.907400 800.000000
-63.718197 -26.607599 800.000000
-60.917397 -26.607599 800.000000
-58.816803 -25.907400 800.000000
-56.482803 -26.140800 800.000000
-53.915398 -25.907400 800.000000
-51.114601 -25.907400 800.000000
-48.313805 -25.907400 800.000000
-46.213200 -25.907400 800.000000
-44.112602 -25.907400 800.000000
-41.311798 -25.907400 800.000000
-38.511002 -25.907400 800.000000
-35.710197 -25.907400 800.000000
-33.609600 -25.907400 800.000000
-31.508999 -25.907400 800.000000
-28.708202 -25.907400 800.000000
-25.907400 -25.907400 800.000000
-23.806801 -25.907400 800.000000
-21.706200 -25.907400 800.000000
-18.905399 -25.907400 800.000000
-16.104599 -25.907400 800.000000
-13.303801 -25.907400 800.000000
-11.203200 -25.907400 800.000000
-9.102600 -25.907400 800.000000
-6.301800 -25.907400 800.000000
-3.501000 -25.907400 800.000000
-1.400400 -25.907400 800.000000
0.700200 -25.907400 800.000000
3.501000 -25.907400 800.000000
6.301800 -25.907400 800.000000
9.102600 -25.907400 800.000000
11.203200 -25.907400 800.000000
13.303801 -25.907400 800.000000
16.104599 -25.907400 800.000000
18.905399 -25.907400 800.000000
21.706200 -25.907400 800.000000
23.806801 -25.907400 800.000000
25.207201 -25.907400 800.000000
-76.321808 -23.806801 800.000000
-74.221199 -23.806801 800.000000
-70.720200 -23.806801 800.000000
-68.619598 -23.806801 800.000000
-67.219200 -23.806801 800.000000
-58.816803 -23.806801 800.000000
-56.016003 -23.806801 800.000000
-53.915398 -23.806801 800.000000
-51.114601 -23.806801 800.000000
-48.313805 -23.806801 800.000000
-46.213200 -23.806801 800.000000
-44.112602 -23.806801 800.000000
-41.311798 -23.806801 800.000000
-38.511002 -23.806801 800.000000
-35.710197 -23.806801 800.000000
-33.609600 -23.806801 800.000000
-31.508999 -23.806801 800.000000
-28.708202 -23.806801 800.000000
-25.907400 -23.806801 800.000000
-23.806801 -23.806801 800.000000
-21.706200 -23.806801 800.000000
-18.905399 -23.806801 800.000000
-16.104599 -23.806801 800.000000
-13.303801 -23.806801 800.000000
-11.203200 -23.806801 800.000000
-9.102600 -23.806801 800.000000
-6.301800 -23.806801 800.000000
-3.501000 -23.806801 800.000000
-1.400400 -23.806801 800.000000
0.700200 -23.806801 800.000000
3.501000 -23.806801 800.000000
6.301800 -23.806801 800.000000
9.102600 -23.806801 800.000000
11.203200 -23.806801 800.000000
13.303801 -23.806801 800.000000
16.104599 -23.806801 800.000000
18.905399 -23.806801 800.000000
21.706200 -23.806801 800.000000
23.806801 -23.806801 800.000000
25.207201 -23.806801 800.000000
-76.555206 -21.939602 800.000000
-74.221199 -22.406401 800.000000
-70.720200 -22.406401 800.000000
-68.619598 -22.406401 800.000000
-67.219200 -22.406401 800.000000
-58.816803 -22.406401 800.000000
-56.016003 -22.406401 800.000000
-53.915398 -21.706200 800.000000
-51.114601 -21.706200 800.000000
-48.313805 -21.706200 800.000000
-46.213200 -21.706200 800.000000
-44.112602 -21.706200 800.000000
-41.311798 -21.706200 800.000000
-38.511002 -21.706200 800.000000
-35.710197 -21.706200 800.000000
-33.609600 -21.706200 800.000000
-31.508999 -21.706200 800.000000
-28.708202 -21.706200 800.000000
-25.907400 -21.706200 800.000000
-23.806801 -21.706200 800.000000
-21.706200 -21.706200 800.000000
-18.905399 -21.706200 800.000000
-16.104599 -21.706200 800.000000
-13.303801 -21.706200 800.000000
-11.203200 -21.706200 800.000000
-9.102600 -21.706200 800.000000
-6.301800 -21.706200 800.000000
-3.501000 -21.706200 800.000000
-1.400400 -21.706200 800.000000
0.700200 -21.706200 800.000000
3.501000 -21.706200 800.000000
6.301800 -21.706200 800.000000
9.102600 -21.706200 800.000000
11.203200 -21.706200 800.000000
13.303801 -21.706200 800.000000
16.104599 -21.706200 800.000000
18.905399 -21.706200 800.000000
21.706200 -21.706200 800.000000
23.806801 -21.706200 800.000000
25.674002 -21.472799 800.000000
29.408401 -21.005999 800.000000
30.808800 -21.005999 800.000000
-53.915398 -18.905399 800.000000
-51.114597 -18.905399 800.000000
-48.313805 -18.905399 800.000000
-46.213200 -18.905399 800.000000
-44.112602 -18.905399 800.000000
-41.311798 -18.905399 800.000000
-38.511002 -18.905399 800.000000
-35.710197 -18.905399 800.000000
-33.609600 -18.905399 800.000000
-31.508999 -18.905399 800.000000
-28.708202 -18.905399 800.000000
-25.907400 -18.905399 800.000000
-23.806801 -18.905399 800.000000
-21.706200 -18.905399 800.000000
-18.905399 -18.905399 800.000000
-16.104599 -18.905399 800.000000
-13.303801 -18.905399 800.000000
-11.203200 -18.905399 800.000000
-9.102600 -18.905399 800.000000
-6.301800 -18.905399 800.000000
-3.501000 -18.905399 800.000000
-1.400400 -18.905399 800.000000
0.700200 -18.905399 800.000000
3.501000 -18.905399 800.000000
6.301800 -18.905399 800.000000
9.102600 -18.905399 800.000000
11.203200 -18.905399 800.000000
13.303801 -18.905399 800.000000
16.104599 -18.905399 800.000000
18.905399 -18.905399 800.000000
21.706200 -18.905399 800.000000
23.806801 -18.905399 800.000000
25.207201 -18.905399 800.000000
-56.016003 -16.104599 800.000000
-53.915398 -16.104599 800.000000
-51.114601 -16.104601 800.000000
-48.313805 -16.104601 800.000000
-46.213200 -16.104599 800.000000
-44.112602 -16.104599 800.000000
-41.311798 -16.104599 800.000000
-38.511002 -16.104599 800.000000
-35.710197 -16.104599 800.000000
-33.609600 -16.104599 800.000000
-31.508999 -16.104599 800.000000
-28.708202 -16.104599 800.000000
-25.907400 -16.104599 800.000000
-23.806801 -16.104599 800.000000
-21.706200 -16.104599 800.000000
-18.905399 -16.104601 800.000000
-16.104599 -16.104601 800.000000
-13.303801 -16.104601 800.000000
-11.203200 -16.104599 800.000000
-9.102600 -16.104599 800.000000
-6.301800 -16.104599 800.000000
-3.501000 -16.104601 800.000000
-1.400400 -16.104599 800.000000
0.700200 -16.104601 800.000000
3.501000 -16.104599 800.000000
6.301800 -16.104601 800.000000
9.102600 -16.104599 800.000000
11.203200 -16.104599 800.000000
13.303801 -16.104599 800.000000
16.104599 -16.104601 800.000000
18.905399 -16.104599 800.000000
21.706200 -16.104599 800.000000
23.806801 -16.104599 800.000000
25.907400 -16.104601 800.000000
28.708202 -16.104599 800.000000
-58.816803 -13.303801 800.000000
-56.716202 -13.303801 800.000000
-53.915398 -13.303801 800.000000
-51.114601 -13.303801 800.000000
-48.313805 -13.303801 800.000000
-46.213200 -13.303801 800.000000
-44.112598 -13.303801 800.000000
-41.311798 -13.303801 800.000000
-38.511002 -13.303801 800.000000
-35.710197 -13.303801 800.000000
-33.609600 -13.303801 800.000000
-31.508999 -13.303801 800.000000
-28.708202 -13.303801 800.000000
-26.140800 -13.070400 800.000000
-23.806801 -13.303801 800.000000
-21.706200 -13.303801 800.000000
-18.905399 -13.303801 800.000000
-16.104599 -13.303801 800.000000
-13.303801 -13.303801 800.000000
-11.203200 -13.303801 800.000000
-9.102600 -13.303801 800.000000
-6.301800 -13.303801 800.000000
-3.501000 -13.303801 800.000000
-1.400400 -13.303801 800.000000
0.700200 -13.303801 800.000000
3.501000 -13.303801 800.000000
6.301800 -13.303801 800.000000
9.102600 -13.303801 800.000000
11.203200 -13.303801 800.000000
13.303801 -13.303801 800.000000
16.104599 -13.303801 800.000000
18.905399 -13.303801 800.000000
21.706200 -13.303801 800.000000
23.806801 -14.004001 800.000000
25.207201 -14.004001 800.000000
-60.217197 -11.203200 800.000000
-58.816803 -11.203200 800.000000
-56.716202 -11.203200 800.000000
-53.915398 -11.203200 800.000000
-51.114601 -11.203200 800.000000
-48.313805 -11.203200 800.000000
-46.213200 -11.203200 800.000000
-44.112602 -11.203200 800.000000
-41.311798 -11.203200 800.000000
-38.511002 -11.203200 800.000000
-35.710197 -11.203200 800.000000
-33.609600 -11.203200 800.000000
-31.508999 -11.203200 800.000000
-28.708202 -11.203200 800.000000
-25.907400 -11.203200 800.000000
-23.806801 -11.203200 800.000000
-21.706200 -11.203200 800.000000
-18.905399 -11.203200 800.000000
-16.104599 -11.203200 800.000000
-13.303801 -11.203200 800.000000
-11.203200 -11.203200 800.000000
-9.102600 -11.203200 800.000000
-6.301800 -11.203200 800.000000
-3.501000 -11.203200 800.000000
-1.400400 -11.203200 800.000000
0.700200 -11.203200 800.000000
3.501000 -11.203200 800.000000
6.301800 -11.203200 800.000000
9.102600 -11.203200 800.000000
11.203200 -11.203200 800.000000
13.303801 -11.203200 800.000000
16.104599 -11.203200 800.000000
18.905399 -11.203200 800.000000
21.706200 -11.203200 800.000000
-60.683998 -8.869201 800.000000
-58.816803 -9.102600 800.000000
-56.949600 -9.336000 800.000000
-54.148800 -9.336000 800.000000
-51.114601 -9.802800 800.000000
-49.014004 -9.802800 800.000000
-46.213200 -9.802800 800.000000
-44.812801 -9.802800 800.000000
-41.311798 -9.802800 800.000000
-38.277603 -9.336000 800.000000
-35.710197 -9.102600 800.000000
-33.609600 -9.102600 800.000000
-31.508999 -9.102600 800.000000
-28.708202 -9.102600 800.000000
-25.907400 -9.102600 800.000000
-23.806801 -9.102600 800.000000
-21.706200 -9.102600 800.000000
-18.905399 -9.102600 800.000000
-16.104599 -9.102600 800.000000
-13.303801 -9.102600 800.000000
-11.203200 -9.102600 800.000000
-9.102600 -9.102600 800.000000
-6.301800 -9.102600 800.000000
-3.501000 -9.102600 800.000000
-1.400400 -9.102600 800.000000
0.700200 -9.102600 800.000000
3.501000 -9.102600 800.000000
6.301800 -9.102600 800.000000
9.102600 -9.102600 800.000000
11.203200 -9.102600 800.000000
13.303801 -9.102600 800.000000
16.104599 -9.102600 800.000000
18.905399 -9.102600 800.000000
21.706200 -9.102600 800.000000
23.806801 -9.102600 800.000000
25.907400 -8.402400 800.000000
28.708202 -8.402400 800.000000
-60.917397 -6.301800 800.000000
-58.816803 -7.002000 800.000000
-57.416401 -7.002000 800.000000
-54.615597 -7.002000 800.000000
-40.611603 -5.601600 800.000000
-37.810802 -6.301800 800.000000
-35.710197 -6.301800 800.000000
-33.609600 -6.301800 800.000000
-31.508999 -6.301800 800.000000
-28.708202 -6.301800 800.000000
-25.907400 -6.301800 800.000000
-23.806801 -6.301800 800.000000
-21.706200 -6.301800 800.000000
-18.905399 -6.301800 800.000000
-16.104599 -6.301800 800.000000
-13.303801 -6.301800 800.000000
-11.203200 -6.301800 800.000000
-9.102600 -6.301800 800.000000
-6.301800 -6.301800 800.000000
-3.501000 -6.301800 800.000000
-1.400400 -6.301800 800.000000
0.700200 -6.301800 800.000000
3.501000 -6.301800 800.000000
6.301800 -6.301800 800.000000
9.102600 -6.301800 800.000000
11.203200 -6.301800 800.000000
13.303801 -6.301800 800.000000
16.104599 -6.301800 800.000000
18.905399 -6.301800 800.000000
21.706200 -6.301800 800.000000
23.806801 -7.002000 800.000000
26.607599 -7.002000 800.000000
29.408401 -6.301800 800.000000
-38.511002 -3.501000 800.000000
-35.710197 -3.501000 800.000000
-33.609600 -3.501000 800.000000
-31.508999 -3.501000 800.000000
-28.708202 -3.501000 800.000000
-25.907400 -3.501000 800.000000
-23.806801 -3.501000 800.000000
-21.706200 -3.501000 800.000000
-18.905399 -3.501000 800.000000
-16.104599 -3.501000 800.000000
-13.303801 -3.501000 800.000000
-11.203200 -3.501000 800.000000
-9.102600 -3.501000 800.000000
-6.301800 -3.501000 800.000000
-3.501000 -3.501000 800.000000
-1.400400 -3.501000 800.000000
0.700200 -3.501000 800.000000
3.501000 -3.501000 800.000000
6.301800 -3.501000 800.000000
9.102600 -3.501000 800.000000
11.203200 -3.501000 800.000000
13.303801 -3.501000 800.000000
16.104599 -3.501000 800.000000
18.905399 -3.501000 800.000000
21.706200 -3.501000 800.000000
23.806801 -3.501000 800.000000
25.907400 -3.501000 800.000000
28.708202 -3.501000 800.000000
31.275600 -3.267600 800.000000
33.609600 -2.800800 800.000000
-40.611603 -1.400400 800.000000
-38.511002 -1.400400 800.000000
-35.710197 -1.400400 800.000000
-33.609600 -1.400400 800.000000
-31.508999 -1.400400 800.000000
-28.708202 -1.400400 800.000000
-25.907400 -1.400400 800.000000
-23.806801 -1.400400 800.000000
-21.706200 -1.400400 800.000000
-18.905399 -1.400400 800.000000
-16.104599 -1.400400 800.000000
-13.303801 -1.400400 800.000000
-11.203200 -1.400400 800.000000
-9.102600 -1.400400 800.000000
-6.301800 -1.400400 800.000000
-3.501000 -1.400400 800.000000
-1.400400 -1.400400 800.000000
0.700200 -1.400400 800.000000
3.501000 -1.400400 800.000000
6.301800 -1.400400 800.000000
9.102600 -1.400400 800.000000
11.203200 -1.400400 800.000000
13.303801 -1.400400 800.000000
16.104599 -1.400400 800.000000
18.905399 -1.400400 800.000000
21.706200 -1.400400 800.000000
23.806801 -1.400400 800.000000
25.907400 -1.400400 800.000000
28.708202 -1.400400 800.000000
31.508999 -1.400400 800.000000
33.609600 -1.400400 800.000000
35.010002 -1.400400 800.000000
-53.215199 1.400400 800.000000
-51.114601 1.400400 800.000000
-48.080406 0.933600 800.000000
-46.213200 0.700200 800.000000
-44.346001 0.933600 800.000000
-41.311798 0.700200 800.000000
-38.511002 0.700200 800.000000
-35.710197 0.700200 800.000000
-33.609600 0.700200 800.000000
-31.508999 0.700200 800.000000
-28.708202 0.700200 800.000000
-25.907400 0.700200 800.000000
-23.806801 0.700200 800.000000
-21.706200 0.700200 800.000000
-18.905399 0.700200 800.000000
-16.104599 0.700200 800.000000
-13.303801 0.700200 800.000000
-11.203200 0.700200 800.000000
-9.102600 0.700200 800.000000
-6.301800 0.700200 800.000000
-3.501000 0.700200 800.000000
-1.400400 0.700200 800.000000
0.700200 0.700200 800.000000
3.501000 0.700200 800.000000
6.301800 0.700200 800.000000
9.102600 0.700200 800.000000
11.203200 0.700200 800.000000
13.303801 0.700200 800.000000
16.104599 0.700200 800.000000
18.905399 0.700200 800.000000
21.706200 0.700200 800.000000
23.806801 0.700200 800.000000
25.907400 0.700200 800.000000
28.708202 0.700200 800.000000
31.508999 0.700200 800.000000
33.609600 0.700200 800.000000
35.476799 0.933600 800.000000
-53.215199 2.800800 800.000000
-50.881203 3.267600 800.000000
-48.313805 3.501000 800.000000
-46.213200 3.501000 800.000000
-44.112602 3.501000 800.000000
-41.311798 3.501000 800.000000
-38.511002 3.501000 800.000000
-35.710197 3.501000 800.000000
-33.609600 3.501000 800.000000
-31.508999 3.501000 800.000000
-28.708202 3.501000 800.000000
-25.907400 3.501000 800.000000
-23.806801 3.501000 800.000000
-21.706200 3.501000 800.000000
-18.905399 3.501000 800.000000
-16.104599 3.501000 800.000000
-13.303801 3.501000 800.000000
-11.203200 3.501000 800.000000
-9.102600 3.501000 800.000000
-6.301800 3.501000 800.000000
-3.501000 3.501000 800.000000
-1.400400 3.501000 800.000000
0.700200 3.501000 800.000000
3.501000 3.501000 800.000000
6.301800 3.501000 800.000000
9.102600 3.501000 800.000000
11.203200 3.501000 800.000000
13.303801 3.501000 800.000000
16.104599 3.501000 800.000000
18.672001 3.267600 800.000000
21.706200 2.800800 800.000000
23.806801 2.800800 800.000000
25.907400 3.501000 800.000000
28.708202 3.501000 800.000000
31.508999 3.501000 800.000000
33.609600 3.501000 800.000000
35.710197 3.501000 800.000000
-65.818802 7.002000 800.000000
-63.718197 7.002000 800.000000
-61.617599 7.002000 800.000000
-48.313805 6.301800 800.000000
-46.213200 6.301800 800.000000
-44.112602 6.301800 800.000000
-41.311798 6.301800 800.000000
-38.511002 6.301800 800.000000
-35.710197 6.301800 800.000000
-33.609600 6.301800 800.000000
-31.508999 6.301800 800.000000
-28.708202 6.301800 800.000000
-25.907400 6.301800 800.000000
-23.806801 6.301800 800.000000
-21.706200 6.301800 800.000000
-18.905399 6.301800 800.000000
-16.104601 6.301800 800.000000
-13.303801 6.301800 800.000000
-11.203200 6.301800 800.000000
-9.102600 6.301800 800.000000
-6.301800 6.301800 800.000000
-3.501000 6.301800 800.000000
-1.400400 6.301800 800.000000
0.700200 6.301800 800.000000
3.501000 6.301800 800.000000
6.301800 6.301800 800.000000
9.102600 6.301800 800.000000
11.203200 6.301800 800.000000
13.303801 6.301800 800.000000
16.104601 6.301800 800.000000
18.905399 6.301800 800.000000
21.706200 6.301800 800.000000
23.806801 6.301800 800.000000
25.907400 6.301800 800.000000
28.708202 6.301800 800.000000
31.508999 6.301800 800.000000
33.609600 6.301800 800.000000
35.710197 6.301800 800.000000
37.810802 7.002000 800.000000
-66.518997 9.102600 800.000000
-63.718197 9.102600 800.000000
-61.617599 9.102600 800.000000
-48.080406 8.869201 800.000000
-46.213200 9.102600 800.000000
-44.346004 8.869201 800.000000
-41.078400 8.869201 800.000000
-38.511002 9.102600 800.000000
-35.710197 9.102600 800.000000
-33.609600 9.102600 800.000000
-31.508999 9.102600 800.000000
-28.708202 9.102600 800.000000
-25.907400 9.102600 800.000000
-23.806801 9.102600 800.000000
-21.706200 9.102600 800.000000
-18.905399 9.102600 800.000000
-16.104599 9.102600 800.000000
-13.303801 9.102600 800.000000
-11.203200 9.102600 800.000000
-9.102600 9.102600 800.000000
-6.301800 9.102600 800.000000
-3.501000 9.102600 800.000000
-1.400400 9.102600 800.000000
0.700200 9.102600 800.000000
3.501000 9.102600 800.000000
6.301800 9.102600 800.000000
9.102600 9.102600 800.000000
11.203200 9.102600 800.000000
13.303801 9.102600 800.000000
16.104599 9.102600 800.000000
18.905399 9.102600 800.000000
21.706200 9.102600 800.000000
23.806801 9.102600 800.000000
25.907400 9.102600 800.000000
28.708202 9.102600 800.000000
31.508999 9.102600 800.000000
33.609600 9.102600 800.000000
35.710197 9.102600 800.000000
38.511002 9.802800 800.000000
44.812801 9.802800 800.000000
-65.818802 11.203200 800.000000
-63.718197 11.203200 800.000000
-60.917397 11.203200 800.000000
-37.810802 11.203200 800.000000
-35.710197 11.203200 800.000000
-33.609600 11.203200 800.000000
-31.508999 11.203200 800.000000
-28.708202 11.203200 800.000000
-26.607599 11.203200 800.000000
-18.205198 11.203200 800.000000
-16.104599 11.203200 800.000000
-13.303801 11.203200 800.000000
-11.203200 11.203200 800.000000
-9.102600 11.203200 800.000000
-6.301800 11.203200 800.000000
-3.501000 11.203200 800.000000
-1.400400 11.203200 800.000000
0.700200 11.203200 800.000000
3.501000 11.203200 800.000000
6.301800 11.203200 800.000000
9.102600 11.203200 800.000000
11.203200 11.203200 800.000000
13.303801 11.203200 800.000000
16.104599 11.203200 800.000000
18.905399 11.203200 800.000000
21.706200 11.203200 800.000000
23.806801 11.203200 800.000000
25.907400 11.203200 800.000000
28.708202 11.203200 800.000000
31.508999 11.203200 800.000000
33.609600 11.203200 800.000000
35.710197 11.203200 800.000000
38.511002 11.203200 800.000000
41.311798 11.203200 800.000000
44.112602 11.203200 800.000000
-65.818802 13.303801 800.000000
-63.718197 13.303801 800.000000
-60.917397 13.303801 800.000000
-35.476799 13.070400 800.000000
-33.609600 13.303801 800.000000
-31.508999 13.303801 800.000000
-28.708202 13.303801 800.000000
-25.907400 13.303801 800.000000
-18.205198 13.303801 800.000000
-16.104601 13.303801 800.000000
-13.303801 13.303801 800.000000
-11.203200 13.303801 800.000000
-9.102600 13.303801 800.000000
-6.301800 13.303801 800.000000
-3.501000 13.303801 800.000000
-1.400400 13.303801 800.000000
0.700200 13.303801 800.000000
3.501000 13.303801 800.000000
6.301800 13.303801 800.000000
9.102600 13.303801 800.000000
11.203200 13.303801 800.000000
13.303801 13.303801 800.000000
16.104601 13.303801 800.000000
18.905399 13.303801 800.000000
21.706200 13.303801 800.000000
23.806801 13.303801 800.000000
25.907400 13.303801 800.000000
28.708202 13.303801 800.000000
31.508999 13.303801 800.000000
33.609600 13.303801 800.000000
35.710197 13.303801 800.000000
38.511002 13.303801 800.000000
41.311798 13.303801 800.000000
43.879204 13.070400 800.000000
-65.818802 15.404400 800.000000
-63.484798 15.871201 800.000000
-60.917397 16.104599 800.000000
-58.816803 16.104599 800.000000
-57.416401 16.804800 800.000000
-35.010002 15.404400 800.000000
-33.609600 15.404400 800.000000
-31.742399 15.871201 800.000000
-28.708202 16.104601 800.000000
-25.907400 16.104599 800.000000
-23.806801 16.104599 800.000000
-22.406401 16.104599 800.000000
-18.905399 15.404400 800.000000
-15.871201 15.871200 800.000000
-13.303801 16.104599 800.000000
-11.203200 16.104599 800.000000
-9.102600 16.104599 800.000000
-6.301800 16.104599 800.000000
-3.501000 16.104601 800.000000
-1.400400 16.104599 800.000000
0.700200 16.104601 800.000000
3.501000 16.104601 800.000000
6.301800 16.104601 800.000000
9.102600 16.104599 800.000000
11.203200 16.104599 800.000000
13.303801 16.104599 800.000000
16.104599 16.104599 800.000000
18.905399 16.104599 800.000000
21.706200 16.104601 800.000000
23.806801 16.104599 800.000000
25.907400 16.104599 800.000000
28.708202 16.104599 800.000000
31.508999 16.104599 800.000000
33.609600 16.104599 800.000000
35.710201 16.104599 800.000000
38.511002 16.104599 800.000000
41.311798 16.104599 800.000000
43.879204 15.871201 800.000000
-60.684002 18.672001 800.000000
-58.816803 18.905399 800.000000
-57.416401 18.905399 800.000000
-28.708202 18.905399 800.000000
-25.907400 18.905399 800.000000
-23.806801 18.905399 800.000000
-21.706200 18.905399 800.000000
-19.605600 18.205198 800.000000
-16.104599 18.205198 800.000000
-13.303801 18.905399 800.000000
-11.203200 18.905399 800.000000
-9.102600 18.905399 800.000000
-6.301800 18.905399 800.000000
-3.501000 18.905399 800.000000
-1.400400 18.905399 800.000000
0.700200 18.905399 800.000000
3.501000 18.905399 800.000000
6.301800 18.905399 800.000000
9.102600 18.905399 800.000000
11.203200 18.905399 800.000000
13.303801 18.905399 800.000000
16.104599 18.905399 800.000000
18.905399 18.905399 800.000000
21.706200 18.905399 800.000000
23.806801 18.905399 800.000000
25.907400 18.905399 800.000000
28.708202 18.905399 800.000000
31.508999 18.905399 800.000000
33.609600 18.905399 800.000000
35.476799 19.138800 800.000000
39.211201 18.905399 800.000000
40.611603 18.205198 800.000000
-60.217197 21.706200 800.000000
-58.816803 21.706200 800.000000
-57.416401 21.706200 800.000000
-25.907400 21.706200 800.000000
-23.806801 21.706200 800.000000
-21.939602 21.939602 800.000000
-18.672001 21.939602 800.000000
-16.104599 21.706200 800.000000
-13.303801 21.706200 800.000000
-11.203200 21.706200 800.000000
-9.102600 21.706200 800.000000
-6.301800 21.706200 800.000000
-3.501000 21.706200 800.000000
-1.400400 21.706200 800.000000
0.700200 21.706200 800.000000
3.501000 21.706200 800.000000
6.301800 21.706200 800.000000
9.102600 21.706200 800.000000
11.203200 21.706200 800.000000
13.303801 21.706200 800.000000
16.104599 21.706200 800.000000
18.905399 21.706200 800.000000
21.706200 21.706200 800.000000
23.806801 21.706200 800.000000
25.907400 21.706200 800.000000
28.708202 21.706200 800.000000
31.508999 21.005999 800.000000
33.609600 21.005999 800.000000
35.010002 21.005999 800.000000
-39.211201 23.806801 800.000000
-23.806801 23.806801 800.000000
-22.406401 23.806801 800.000000
-18.905399 23.806801 800.000000
-16.104599 23.806801 800.000000
-13.303801 23.806801 800.000000
-11.203200 23.806801 800.000000
-9.102600 23.806801 800.000000
-6.301800 23.806801 800.000000
-3.501000 23.806801 800.000000
-1.400400 23.806801 800.000000
0.700200 23.806801 800.000000
3.501000 23.806801 800.000000
6.301800 23.806801 800.000000
9.102600 23.806801 800.000000
11.203200 23.806801 800.000000
13.303801 23.806801 800.000000
16.104599 23.806801 800.000000
18.905399 23.806801 800.000000
21.706200 23.806801 800.000000
23.806801 23.806801 800.000000
25.907400 23.806801 800.000000
28.708202 23.806801 800.000000
-47.613602 26.607599 800.000000
-44.112602 26.607599 800.000000
-41.311798 26.607599 800.000000
-38.744400 26.140800 800.000000
-18.205198 25.907400 800.000000
-16.104599 25.907400 800.000000
-13.303801 25.907400 800.000000
-11.203200 25.907400 800.000000
-9.102600 25.907400 800.000000
-6.301800 25.907400 800.000000
-3.501000 25.907400 800.000000
-1.400400 25.907400 800.000000
0.700200 25.907400 800.000000
3.501000 25.907400 800.000000
6.301800 25.907400 800.000000
9.102600 25.907400 800.000000
11.203200 25.907400 800.000000
13.303801 25.907400 800.000000
16.104599 25.907400 800.000000
18.905399 25.907400 800.000000
21.706200 25.907400 800.000000
23.806801 25.907400 800.000000
25.907400 25.907400 800.000000
28.474804 25.674002 800.000000
-48.080406 28.474804 800.000000
-46.213200 28.708202 800.000000
-44.112602 28.708202 800.000000
-41.311798 28.708202 800.000000
-38.511002 28.708202 800.000000
-35.710197 28.708202 800.000000
-33.609600 29.408401 800.000000
-32.209198 29.408401 800.000000
-18.205198 28.708202 800.000000
-16.104599 28.708202 800.000000
-13.303801 28.708202 800.000000
-11.203200 28.708202 800.000000
-9.102600 28.708202 800.000000
-6.301800 28.708202 800.000000
-3.501000 28.708202 800.000000
-1.400400 28.708202 800.000000
0.700200 28.708202 800.000000
3.501000 28.708202 800.000000
6.301800 28.708202 800.000000
9.102600 28.708202 800.000000
11.203200 28.708202 800.000000
13.303801 28.708202 800.000000
16.104599 28.708202 800.000000
18.905399 28.708202 800.000000
21.706200 28.708202 800.000000
23.806801 28.708202 800.000000
25.907400 28.708202 800.000000
28.008001 28.708202 800.000000
-43.412399 31.508999 800.000000
-41.311798 31.508999 800.000000
-38.511002 31.508999 800.000000
-35.710197 31.508999 800.000000
-33.609600 31.508999 800.000000
-32.209198 31.508999 800.000000
-21.706200 32.209198 800.000000
-18.905399 31.508999 800.000000
-16.104599 31.508999 800.000000
-13.303801 31.508999 800.000000
-11.203200 31.508999 800.000000
-9.102600 31.508999 800.000000
-6.301800 31.508999 800.000000
-3.501000 31.508999 800.000000
-1.400400 31.508999 800.000000
0.700200 31.508999 800.000000
3.501000 31.508999 800.000000
6.301800 31.508999 800.000000
9.102600 31.508999 800.000000
11.203200 31.508999 800.000000
13.303801 31.508999 800.000000
16.104599 31.508999 800.000000
18.905399 31.508999 800.000000
21.706200 31.508999 800.000000
23.806801 31.508999 800.000000
25.907400 31.508999 800.000000
28.008001 31.508999 800.000000
-41.311798 33.609600 800.000000
-38.511002 33.609600 800.000000
-35.710197 33.609600 800.000000
-33.609600 33.609600 800.000000
-32.209198 33.609600 800.000000
-23.806801 33.609600 800.000000
-21.706200 33.609600 800.000000
-18.905399 33.609600 800.000000
-16.104599 33.609600 800.000000
-13.303801 33.609600 800.000000
-11.203200 33.609600 800.000000
-9.102600 33.609600 800.000000
-6.301800 33.609600 800.000000
-3.501000 33.609600 800.000000
-1.400400 33.609600 800.000000
0.700200 33.609600 800.000000
3.501000 33.609600 800.000000
6.301800 33.609600 800.000000
9.102600 33.609600 800.000000
11.203200 33.609600 800.000000
13.303801 33.609600 800.000000
16.104599 33.609600 800.000000
18.905399 33.609600 800.000000
21.706200 33.609600 800.000000
23.806801 33.609600 800.000000
25.907400 33.609600 800.000000
28.008001 33.609600 800.000000
-41.311798 35.010002 800.000000
-38.511002 35.010002 800.000000
-35.943600 35.476803 800.000000
-33.609600 35.710197 800.000000
-31.742399 35.943600 800.000000
-28.008001 36.410397 800.000000
-25.907400 36.410397 800.000000
-23.806801 35.710197 800.000000
-21.706200 35.710197 800.000000
-18.905399 35.710201 800.000000
-16.104599 35.710201 800.000000
-13.303801 35.710201 800.000000
-11.203200 35.710197 800.000000
-9.102600 35.710197 800.000000
-6.301800 35.710197 800.000000
-3.501000 35.710197 800.000000
-1.400400 35.710197 800.000000
0.700200 35.710201 800.000000
3.501000 35.710197 800.000000
6.301800 35.710197 800.000000
9.102600 35.710201 800.000000
11.203200 35.710197 800.000000
13.303801 35.710197 800.000000
16.104599 35.710201 800.000000
18.905399 35.710197 800.000000
21.706200 35.710197 800.000000
23.806801 35.710197 800.000000
25.907400 35.710197 800.000000
28.008001 35.710197 800.000000
-33.609600 38.511002 800.000000
-31.508999 38.511002 800.000000
-28.708202 38.511002 800.000000
-25.907400 38.511002 800.000000
-23.806801 38.511002 800.000000
-21.706200 38.511002 800.000000
-18.905399 38.511002 800.000000
-16.104599 38.511002 800.000000
-13.303801 38.511002 800.000000
-11.203200 38.511002 800.000000
-9.102600 38.511002 800.000000
-6.301800 38.511002 800.000000
-3.501000 38.511002 800.000000
-1.400400 38.511002 800.000000
0.700200 38.511002 800.000000
3.501000 38.511002 800.000000
6.301800 38.511002 800.000000
9.102600 38.511002 800.000000
11.203200 38.511002 800.000000
13.303801 38.511002 800.000000
16.104599 38.511002 800.000000
18.905399 38.511002 800.000000
21.706200 38.511002 800.000000
23.806801 38.511002 800.000000
25.907400 38.511002 800.000000
28.008001 38.511002 800.000000
-30.808800 40.611603 800.000000
-28.708202 41.311798 800.000000
-25.907400 41.311798 800.000000
-23.806801 41.311798 800.000000
-21.706200 41.311798 800.000000
-18.905399 41.311798 800.000000
-16.104599 41.311798 800.000000
-13.303801 41.311798 800.000000
-11.203200 41.311798 800.000000
-9.102600 41.311798 800.000000
-6.301800 41.311798 800.000000
-3.501000 41.311798 800.000000
-1.400400 41.311798 800.000000
0.700200 41.311798 800.000000
3.501000 41.311798 800.000000
6.301800 41.311798 800.000000
9.102600 41.311798 800.000000
11.203200 41.311798 800.000000
13.303801 41.311798 800.000000
16.104599 41.311798 800.000000
18.905399 41.311798 800.000000
21.706200 41.311798 800.000000
23.806801 41.311798 800.000000
25.907400 41.311798 800.000000
28.008001 41.311798 800.000000
-28.474804 43.879204 800.000000
-25.674002 44.346004 800.000000
-23.806801 44.112602 800.000000
-21.706200 44.112602 800.000000
-18.905399 44.112602 800.000000
-16.104599 44.112602 800.000000
-13.303801 44.112602 800.000000
-11.203200 44.112602 800.000000
-9.102600 44.112602 800.000000
-6.301800 44.112602 800.000000
-3.501000 44.112602 800.000000
-1.400400 44.112602 800.000000
0.700200 44.112602 800.000000
3.501000 44.112598 800.000000
6.301800 44.112598 800.000000
9.102600 44.112598 800.000000
11.203200 44.112602 800.000000
13.303801 44.112602 800.000000
16.104599 44.112602 800.000000
18.905399 44.112598 800.000000
21.706200 44.112602 800.000000
23.806801 44.112602 800.000000
25.907400 44.112598 800.000000
28.008001 44.112602 800.000000
-28.008001 46.213200 800.000000
-25.907400 46.213200 800.000000
-23.806801 46.213200 800.000000
-21.706200 46.213200 800.000000
-18.905399 46.213200 800.000000
-16.104599 46.213200 800.000000
-13.303801 46.213200 800.000000
-11.203200 46.213200 800.000000
-9.102600 46.213200 800.000000
-6.301800 46.213200 800.000000
-3.501000 46.213200 800.000000
-1.400400 46.213200 800.000000
0.700200 46.213200 800.000000
3.501000 46.213200 800.000000
6.301800 46.213200 800.000000
9.102600 46.213200 800.000000
11.203200 46.213200 800.000000
13.303801 46.213200 800.000000
16.104599 46.213200 800.000000
18.905399 46.213200 800.000000
21.706200 46.213200 800.000000
23.806801 46.213200 800.000000
25.907400 46.213200 800.000000
28.008001 46.213200 800.000000
-23.806801 47.613602 800.000000
-21.706200 48.313805 800.000000
-18.905399 48.313805 800.000000
-16.104599 48.313805 800.000000
-13.303801 48.313805 800.000000
-11.203200 48.313805 800.000000
-9.102600 48.313801 800.000000
-6.301800 48.313805 800.000000
-3.501000 48.313801 800.000000
-1.400400 48.313805 800.000000
0.700200 48.313801 800.000000
3.501000 48.313805 800.000000
6.301800 48.313805 800.000000
9.102600 48.313805 800.000000
11.203200 48.313805 800.000000
13.303801 48.313805 800.000000
16.104599 48.313801 800.000000
18.905399 48.313805 800.000000
21.706200 48.313801 800.000000
23.806801 48.313805 800.000000
25.907400 48.313805 800.000000
28.474804 48.547207 800.000000
-23.806801 51.814796 800.000000
-21.706200 51.114601 800.000000
-18.905399 51.114601 800.000000
-16.104599 51.114601 800.000000
-13.537201 50.881203 800.000000
-11.203200 50.414402 800.000000
-9.102600 50.414402 800.000000
-6.301800 51.114601 800.000000
-3.501000 51.114601 800.000000
-1.400400 51.114601 800.000000
0.700200 51.114601 800.000000
3.501000 51.114601 800.000000
6.301800 51.114601 800.000000
9.102600 51.114601 800.000000
11.203200 51.114601 800.000000
13.303801 51.114601 800.000000
16.104599 51.114601 800.000000
18.905399 51.114601 800.000000
21.706200 51.114601 800.000000
23.806801 51.114601 800.000000
25.907400 51.114601 800.000000
28.708202 51.114601 800.000000
-25.907400 53.915398 800.000000
-23.806801 53.915398 800.000000
-21.706200 53.915398 800.000000
-18.905399 53.915398 800.000000
-16.104599 53.915398 800.000000
-14.004001 53.915398 800.000000
-11.203200 54.615597 800.000000
-6.068400 53.681999 800.000000
-3.501000 53.915398 800.000000
-1.400400 53.915398 800.000000
0.700200 53.915398 800.000000
3.501000 53.915398 800.000000
6.301800 53.915398 800.000000
9.102600 53.915398 800.000000
13.303801 53.215199 800.000000
16.338001 53.681999 800.000000
18.905399 53.915398 800.000000
21.706200 53.915398 800.000000
23.806801 53.915398 800.000000
25.907400 53.915398 800.000000
28.474804 53.681999 800.000000
-21.005999 56.016003 800.000000
-18.905399 56.016003 800.000000
-15.871200 56.482803 800.000000
-12.603601 56.016003 800.000000
-11.203200 56.016003 800.000000
-9.102600 56.016003 800.000000
-2.800800 56.016003 800.000000
-1.400400 56.716202 800.000000
0.700200 56.716202 800.000000
3.501000 56.716202 800.000000
6.301800 56.016003 800.000000
18.432766 -58.843060 810.000000
21.268574 -59.552010 810.000000
23.395432 -58.843060 810.000000
26.231243 -58.843056 810.000000
29.067053 -58.843056 810.000000
31.193913 -58.843060 810.000000
33.084454 -58.606743 810.000000
36.156578 -58.134109 810.000000
38.992386 -58.134109 810.000000
43.955059 -58.134109 810.000000
46.081913 -58.134109 810.000000
48.917725 -58.134109 810.000000
51.753532 -58.134109 810.000000
53.880390 -58.134109 810.000000
56.007248 -58.134109 810.000000
58.843060 -58.134109 810.000000
61.678871 -58.134109 810.000000
63.805725 -58.134109 810.000000
65.932587 -58.134109 810.000000
68.768394 -58.134109 810.000000
70.895256 -58.134109 810.000000
21.268574 -55.298294 810.000000
23.631750 -55.770931 810.000000
26.231243 -56.007248 810.000000
29.067053 -56.007248 810.000000
31.193913 -56.007248 810.000000
33.320770 -56.007248 810.000000
36.156578 -56.007248 810.000000
38.992386 -56.007248 810.000000
41.119247 -56.007248 810.000000
43.246101 -56.007248 810.000000
46.081913 -56.007248 810.000000
48.917725 -56.007248 810.000000
51.753532 -56.007248 810.000000
53.880390 -56.007248 810.000000
56.007248 -56.007248 810.000000
58.843056 -56.007248 810.000000
61.678871 -56.007248 810.000000
63.805725 -56.007248 810.000000
65.932587 -56.007248 810.000000
68.768394 -56.007248 810.000000
71.604202 -56.007248 810.000000
73.731064 -56.007248 810.000000
75.621605 -55.770931 810.000000
23.395432 -53.880390 810.000000
26.231243 -53.880390 810.000000
29.067053 -53.880390 810.000000
31.193913 -53.880390 810.000000
33.320770 -53.880390 810.000000
36.156578 -53.880390 810.000000
38.992386 -53.880390 810.000000
41.119247 -53.880390 810.000000
43.246101 -53.880390 810.000000
46.081913 -53.880390 810.000000
48.917725 -53.880390 810.000000
51.753532 -53.880390 810.000000
53.880390 -53.880390 810.000000
56.007248 -53.880390 810.000000
58.843060 -53.880390 810.000000
61.678871 -53.880390 810.000000
63.805725 -53.880390 810.000000
65.932587 -53.880390 810.000000
68.768394 -53.880390 810.000000
71.604202 -53.880390 810.000000
23.395432 -51.753532 810.000000
26.231243 -51.753532 810.000000
29.067051 -51.753532 810.000000
31.193913 -51.753532 810.000000
33.320770 -51.753532 810.000000
36.156578 -51.753532 810.000000
38.992386 -51.753532 810.000000
41.119247 -51.753532 810.000000
43.246105 -51.753532 810.000000
46.081913 -51.753532 810.000000
48.917725 -51.753532 810.000000
51.753532 -51.753532 810.000000
53.880390 -51.753532 810.000000
56.007248 -51.753532 810.000000
58.843060 -51.753532 810.000000
61.678871 -51.753532 810.000000
63.805725 -51.753532 810.000000
65.932587 -51.753532 810.000000
68.768394 -51.753532 810.000000
71.367889 -51.517212 810.000000
23.631750 -49.154045 810.000000
26.231241 -48.917725 810.000000
29.303371 -49.154045 810.000000
31.193913 -48.917725 810.000000
33.320770 -48.917725 810.000000
36.156578 -48.917725 810.000000
38.992386 -48.917725 810.000000
41.119247 -48.917725 810.000000
43.246105 -48.917725 810.000000
46.081913 -48.917725 810.000000
48.917725 -48.917725 810.000000
51.753532 -48.917725 810.000000
53.880390 -48.917725 810.000000
56.007248 -48.917725 810.000000
58.843056 -48.917725 810.000000
61.678871 -48.917725 810.000000
63.805725 -48.917725 810.000000
65.932587 -48.917725 810.000000
68.768394 -48.917725 810.000000
71.604202 -48.917725 810.000000
24.104385 -45.372959 810.000000
26.231241 -46.081913 810.000000
29.776005 -46.081913 810.000000
31.193913 -46.081913 810.000000
33.320770 -46.081913 810.000000
36.156582 -46.081913 810.000000
38.992386 -46.081913 810.000000
41.119247 -46.081913 810.000000
43.246101 -46.081913 810.000000
46.081913 -46.081913 810.000000
48.917725 -46.081913 810.000000
51.753532 -46.081913 810.000000
53.880390 -46.081913 810.000000
56.007248 -46.081913 810.000000
58.843056 -46.081913 810.000000
61.678871 -46.081913 810.000000
63.805725 -46.081913 810.000000
65.932587 -46.081913 810.000000
68.768394 -46.081913 810.000000
71.604202 -46.081913 810.000000
29.776005 -43.955059 810.000000
31.193913 -43.246101 810.000000
33.320770 -43.246101 810.000000
36.156582 -43.246101 810.000000
38.992386 -43.246105 810.000000
41.119247 -43.246101 810.000000
43.246101 -43.246101 810.000000
46.081913 -43.246101 810.000000
48.917725 -43.246101 810.000000
51.753532 -43.246101 810.000000
53.880390 -43.246101 810.000000
56.007248 -43.246101 810.000000
58.843056 -43.246105 810.000000
61.678871 -43.246105 810.000000
63.805725 -43.246101 810.000000
65.932587 -43.246105 810.000000
68.768394 -43.246105 810.000000
71.604210 -43.246101 810.000000
73.731064 -43.246101 810.000000
75.148964 -42.537148 810.000000
24.104385 -41.119247 810.000000
26.231243 -41.119247 810.000000
29.776005 -41.119247 810.000000
31.193913 -41.119247 810.000000
33.320770 -41.119247 810.000000
36.156578 -41.119247 810.000000
38.992386 -41.119247 810.000000
41.119247 -41.119247 810.000000
43.246101 -41.119247 810.000000
46.081913 -41.119247 810.000000
48.917725 -41.119247 810.000000
51.753532 -41.119247 810.000000
53.880390 -41.119247 810.000000
56.007248 -41.119247 810.000000
58.843060 -41.119247 810.000000
61.678871 -41.119247 810.000000
63.805725 -41.119247 810.000000
65.932587 -41.119247 810.000000
68.768394 -41.119247 810.000000
71.604202 -41.119247 810.000000
73.731064 -41.119247 810.000000
75.148964 -41.119247 810.000000
19.141718 -38.283436 810.000000
21.268574 -38.992386 810.000000
23.395432 -38.992386 810.000000
26.231241 -38.992386 810.000000
29.303371 -38.756073 810.000000
31.193913 -38.992386 810.000000
33.320770 -38.992386 810.000000
36.156578 -38.992386 810.000000
38.992386 -38.992386 810.000000
41.119247 -38.992386 810.000000
43.246101 -38.992386 810.000000
46.081913 -38.992386 810.000000
48.917725 -38.992386 810.000000
51.753532 -38.992386 810.000000
53.880390 -38.992386 810.000000
56.007248 -38.992386 810.000000
58.843056 -38.992386 810.000000
61.678871 -38.992386 810.000000
63.805725 -38.992386 810.000000
65.932587 -38.992386 810.000000
68.768394 -38.992386 810.000000
71.604202 -38.992386 810.000000
73.731064 -38.992386 810.000000
75.148964 -38.992386 810.000000
19.141718 -36.156582 810.000000
21.268574 -36.156578 810.000000
23.395432 -36.156582 810.000000
26.231241 -36.156582 810.000000
29.067051 -36.156578 810.000000
31.193913 -36.865532 810.000000
33.320770 -36.156578 810.000000
36.156578 -36.156578 810.000000
38.992386 -36.156578 810.000000
41.119247 -36.156578 810.000000
43.246105 -36.156582 810.000000
46.081913 -36.156582 810.000000
48.917725 -36.156582 810.000000
51.753532 -36.156582 810.000000
53.880390 -36.156578 810.000000
56.007248 -36.156582 810.000000
58.843056 -36.156578 810.000000
61.678871 -36.156578 810.000000
63.805725 -36.156578 810.000000
65.932587 -36.156578 810.000000
68.768394 -36.156582 810.000000
71.604202 -36.156582 810.000000
73.731064 -36.156578 810.000000
75.148964 -36.156578 810.000000
19.141718 -33.320770 810.000000
21.268574 -33.320770 810.000000
23.395432 -33.320770 810.000000
26.231241 -33.320770 810.000000
29.067051 -33.320770 810.000000
33.320770 -33.320770 810.000000
36.156578 -33.320770 810.000000
38.992386 -33.320770 810.000000
41.119247 -33.320770 810.000000
43.246105 -33.320770 810.000000
46.081913 -33.320770 810.000000
48.917725 -33.320770 810.000000
51.753532 -33.320770 810.000000
53.880390 -33.320770 810.000000
56.007248 -33.320770 810.000000
58.843056 -33.320770 810.000000
61.678871 -33.320770 810.000000
63.805725 -33.320770 810.000000
65.932587 -33.320770 810.000000
68.768394 -33.320770 810.000000
71.604202 -33.320770 810.000000
73.731064 -33.320770 810.000000
75.148964 -33.320770 810.000000
19.141718 -31.193913 810.000000
21.268574 -31.193913 810.000000
24.104385 -31.193913 810.000000
26.231243 -31.193913 810.000000
29.067053 -31.193913 810.000000
33.320770 -31.193913 810.000000
36.156578 -31.193913 810.000000
38.992386 -31.193913 810.000000
41.119247 -31.193913 810.000000
43.246101 -31.193913 810.000000
46.081913 -31.193913 810.000000
48.917725 -31.193913 810.000000
51.753532 -31.193913 810.000000
53.880390 -31.193913 810.000000
56.007248 -31.193913 810.000000
58.843060 -31.193913 810.000000
61.678871 -31.193913 810.000000
63.805725 -31.193913 810.000000
65.932587 -31.193913 810.000000
68.768394 -31.193913 810.000000
71.604202 -31.193913 810.000000
73.731064 -31.193913 810.000000
75.148964 -31.193913 810.000000
19.378036 -29.303371 810.000000
21.268574 -29.067053 810.000000
24.104385 -29.067053 810.000000
26.940195 -29.067053 810.000000
29.067051 -29.067051 810.000000
33.320770 -29.067051 810.000000
36.156578 -29.067051 810.000000
38.992386 -29.067053 810.000000
41.119247 -29.067053 810.000000
43.246101 -29.067051 810.000000
46.081913 -29.067053 810.000000
48.917725 -29.067051 810.000000
51.753532 -29.067051 810.000000
53.880390 -29.067053 810.000000
56.007248 -29.067051 810.000000
58.843060 -29.067051 810.000000
61.678871 -29.067053 810.000000
63.805725 -29.067053 810.000000
65.932587 -29.067053 810.000000
68.768394 -29.067051 810.000000
71.604202 -29.067051 810.000000
73.731064 -29.067053 810.000000
75.148964 -29.067053 810.000000
26.940195 -26.231243 810.000000
29.067051 -26.231243 810.000000
31.193913 -26.231243 810.000000
33.320770 -26.231241 810.000000
36.156578 -26.231241 810.000000
38.992386 -26.231241 810.000000
41.119247 -26.231243 810.000000
43.246105 -26.231241 810.000000
46.081913 -26.231243 810.000000
48.917725 -26.231241 810.000000
51.753532 -26.231243 810.000000
53.880390 -26.231243 810.000000
56.007248 -26.231241 810.000000
58.843060 -26.231243 810.000000
61.678871 -26.231243 810.000000
63.805725 -26.231243 810.000000
65.932587 -26.231243 810.000000
68.768394 -26.231243 810.000000
71.604202 -26.231243 810.000000
73.731064 -26.231243 810.000000
75.148964 -26.231243 810.000000
26.940195 -23.395432 810.000000
29.067053 -23.395432 810.000000
31.193913 -23.395432 810.000000
33.320770 -23.395432 810.000000
36.156578 -23.395432 810.000000
38.992386 -23.395432 810.000000
41.119247 -23.395432 810.000000
43.246101 -23.395432 810.000000
46.081913 -23.395432 810.000000
48.917725 -23.395432 810.000000
51.753532 -23.395432 810.000000
53.880390 -23.395432 810.000000
56.007248 -23.395432 810.000000
58.843060 -23.395432 810.000000
61.678871 -23.395432 810.000000
63.805725 -23.395432 810.000000
65.932587 -23.395432 810.000000
68.768394 -23.395432 810.000000
71.604202 -23.395432 810.000000
73.731064 -23.395432 810.000000
75.148964 -23.395432 810.000000
28.358101 -21.268574 810.000000
33.320770 -21.268574 810.000000
36.156578 -21.268574 810.000000
38.992386 -21.268574 810.000000
41.119247 -21.268574 810.000000
43.246101 -21.268574 810.000000
46.081913 -21.268574 810.000000
48.917725 -21.268574 810.000000
51.753532 -21.268574 810.000000
53.880390 -21.268574 810.000000
56.007248 -21.268574 810.000000
58.843060 -21.268574 810.000000
61.678871 -21.268574 810.000000
63.805725 -21.268574 810.000000
65.932587 -21.268574 810.000000
68.768394 -21.268574 810.000000
71.604202 -21.268574 810.000000
73.731064 -21.268574 810.000000
75.148964 -21.268574 810.000000
26.940195 -19.141718 810.000000
29.067051 -19.141718 810.000000
31.193913 -19.141718 810.000000
33.320770 -19.141718 810.000000
36.156578 -19.141718 810.000000
38.992386 -19.141718 810.000000
41.119247 -19.141718 810.000000
43.246101 -19.141718 810.000000
46.081913 -19.141718 810.000000
48.917725 -19.141718 810.000000
51.753532 -19.141718 810.000000
53.880390 -19.141718 810.000000
56.007248 -19.141718 810.000000
58.843060 -19.141718 810.000000
61.678871 -19.141718 810.000000
63.805725 -19.141718 810.000000
65.932587 -19.141718 810.000000
68.768394 -19.141718 810.000000
71.604202 -19.141718 810.000000
73.731064 -19.141718 810.000000
75.148964 -19.141718 810.000000
31.193913 -17.014860 810.000000
33.557091 -16.542227 810.000000
36.156578 -16.305908 810.000000
38.992386 -16.305908 810.000000
41.119247 -16.305908 810.000000
43.246105 -16.305908 810.000000
46.081913 -16.305908 810.000000
48.917725 -16.305908 810.000000
51.753532 -16.305908 810.000000
53.880390 -16.305908 810.000000
56.007248 -16.305908 810.000000
58.843056 -16.305908 810.000000
61.678871 -16.305908 810.000000
63.805725 -16.305908 810.000000
65.932587 -16.305908 810.000000
68.768394 -16.305908 810.000000
71.604202 -16.305908 810.000000
73.731064 -17.014860 810.000000
24.104385 -12.761145 810.000000
26.467560 -13.233780 810.000000
29.067053 -13.470098 810.000000
31.193913 -13.470098 810.000000
33.320770 -13.470098 810.000000
36.156578 -13.470098 810.000000
38.992386 -13.470098 810.000000
41.119247 -13.470098 810.000000
43.246105 -13.470098 810.000000
46.081913 -13.470098 810.000000
48.917725 -13.470098 810.000000
51.753532 -13.470098 810.000000
53.880390 -13.470098 810.000000
56.007248 -13.470098 810.000000
58.843056 -13.470098 810.000000
61.678871 -13.470098 810.000000
63.805725 -13.470098 810.000000
65.932587 -13.470098 810.000000
68.768394 -13.470098 810.000000
71.604202 -13.470098 810.000000
24.104385 -11.343240 810.000000
26.231243 -11.343240 810.000000
29.067053 -11.343240 810.000000
31.193913 -11.343240 810.000000
33.320770 -11.343240 810.000000
36.156578 -11.343240 810.000000
38.992386 -11.343240 810.000000
41.119247 -11.343240 810.000000
43.246101 -11.343240 810.000000
46.081913 -11.343240 810.000000
48.917725 -11.343240 810.000000
51.753532 -11.343240 810.000000
53.880390 -11.343240 810.000000
56.007248 -11.343240 810.000000
58.843060 -11.343240 810.000000
61.678871 -11.343240 810.000000
63.805725 -11.343240 810.000000
65.932587 -11.343240 810.000000
68.768394 -11.343240 810.000000
71.604202 -11.343240 810.000000
26.231243 -9.925335 810.000000
29.067053 -9.925335 810.000000
31.193913 -9.216383 810.000000
33.320770 -9.216383 810.000000
36.156578 -9.216383 810.000000
38.992386 -9.216383 810.000000
41.119247 -9.216383 810.000000
43.246101 -9.216383 810.000000
46.081913 -9.216383 810.000000
48.917725 -9.216383 810.000000
51.753532 -9.216383 810.000000
53.880390 -9.216383 810.000000
56.007248 -9.216383 810.000000
58.843060 -9.216383 810.000000
61.678871 -9.216383 810.000000
63.805725 -9.216383 810.000000
65.932587 -9.216383 810.000000
68.768394 -9.216383 810.000000
71.604202 -9.216383 810.000000
24.104385 -5.671620 810.000000
25.994925 -6.144255 810.000000
28.358101 -6.380572 810.000000
31.193913 -6.380572 810.000000
33.320770 -6.380573 810.000000
36.156578 -6.380573 810.000000
38.992386 -6.380573 810.000000
41.119247 -6.380572 810.000000
43.246105 -6.380573 810.000000
46.081913 -6.380572 810.000000
48.917725 -6.380572 810.000000
51.753532 -6.380572 810.000000
53.880390 -6.380572 810.000000
56.007248 -6.380572 810.000000
58.843060 -6.380572 810.000000
61.678871 -6.380573 810.000000
63.805725 -6.380572 810.000000
65.932587 -6.380572 810.000000
68.768394 -6.380572 810.000000
71.604210 -6.380572 810.000000
33.320770 -4.253715 810.000000
36.156578 -3.544763 810.000000
38.992386 -3.544762 810.000000
41.119247 -3.544763 810.000000
43.246101 -3.544762 810.000000
46.081913 -3.544763 810.000000
48.917725 -3.544763 810.000000
51.753532 -3.544763 810.000000
53.880390 -3.544763 810.000000
56.007248 -3.544763 810.000000
58.843060 -3.544763 810.000000
61.678871 -3.544763 810.000000
63.805725 -3.544763 810.000000
65.932587 -3.544763 810.000000
68.768394 -3.544763 810.000000
71.604202 -3.544763 810.000000
36.865532 -1.417905 810.000000
38.992386 -1.417905 810.000000
41.119247 -1.417905 810.000000
43.246101 -1.417905 810.000000
46.081913 -1.417905 810.000000
48.917725 -1.417905 810.000000
51.753532 -1.417905 810.000000
53.880390 -1.417905 810.000000
56.007248 -1.417905 810.000000
58.843060 -1.417905 810.000000
61.678871 -1.417905 810.000000
63.805725 -1.417905 810.000000
65.932587 -1.417905 810.000000
68.768394 -1.417905 810.000000
71.604202 -1.417905 810.000000
36.865532 -0.000000 810.000000
38.992386 0.708952 810.000000
41.119247 0.708952 810.000000
43.246105 0.708952 810.000000
46.081913 0.708952 810.000000
48.917725 0.708952 810.000000
51.753532 0.708952 810.000000
53.880390 0.708952 810.000000
56.007248 0.708952 810.000000
58.843060 0.708952 810.000000
61.678871 0.708952 810.000000
63.805725 0.708952 810.000000
65.932587 0.708952 810.000000
68.768394 0.708952 810.000000
71.604202 0.708952 810.000000
38.992386 3.544762 810.000000
41.119247 3.544763 810.000000
42.537148 3.544763 810.000000
46.790867 3.544763 810.000000
48.917725 3.544763 810.000000
51.753532 3.544763 810.000000
53.880390 3.544763 810.000000
56.007248 3.544763 810.000000
58.843056 3.544763 810.000000
61.678871 3.544762 810.000000
63.805725 3.544763 810.000000
65.932587 3.544763 810.000000
68.768394 3.544763 810.000000
71.604202 3.544763 810.000000
39.228706 6.144255 810.000000
41.119247 6.380572 810.000000
43.246101 6.380572 810.000000
46.318233 6.616890 810.000000
48.917725 6.380572 810.000000
51.753532 6.380573 810.000000
53.880390 6.380572 810.000000
56.007248 6.380572 810.000000
58.843056 6.380573 810.000000
61.678871 6.380573 810.000000
63.805725 6.380572 810.000000
65.932587 6.380572 810.000000
68.768394 6.380572 810.000000
71.604202 6.380572 810.000000
38.992386 8.507430 810.000000
41.119247 9.216383 810.000000
43.246101 9.216383 810.000000
46.318233 8.980066 810.000000
48.917725 9.216383 810.000000
51.753532 9.216383 810.000000
53.880390 9.216383 810.000000
56.007248 9.216383 810.000000
58.843056 9.216383 810.000000
61.678871 9.216383 810.000000
63.805725 9.216383 810.000000
65.932587 9.216383 810.000000
68.768394 9.216383 810.000000
71.604202 9.216383 810.000000
46.790867 11.343240 810.000000
48.917725 11.343240 810.000000
51.753532 11.343240 810.000000
53.880390 11.343240 810.000000
56.007248 11.343240 810.000000
58.843060 11.343240 810.000000
61.678871 11.343240 810.000000
63.805725 11.343240 810.000000
65.932587 11.343240 810.000000
68.768394 11.343240 810.000000
71.604202 11.343240 810.000000
46.318233 13.706416 810.000000
48.917725 13.470098 810.000000
51.753532 13.470098 810.000000
53.880390 13.470098 810.000000
56.007248 13.470098 810.000000
58.843056 13.470098 810.000000
61.678871 13.470098 810.000000
63.805725 13.470098 810.000000
65.932587 13.470098 810.000000
68.768394 13.470098 810.000000
71.604202 13.470098 810.000000
46.318233 16.542227 810.000000
48.917725 16.305908 810.000000
51.753532 16.305908 810.000000
53.880390 16.305908 810.000000
56.007248 16.305908 810.000000
58.843060 16.305908 810.000000
61.678871 16.305908 810.000000
63.805725 16.305908 810.000000
65.932587 16.305908 810.000000
68.768394 16.305908 810.000000
71.604202 16.305908 810.000000
73.731064 17.014860 810.000000
36.865532 18.432766 810.000000
38.283436 19.141718 810.000000
41.119247 19.850670 810.000000
43.246105 19.141718 810.000000
46.081913 19.141718 810.000000
48.917725 19.141718 810.000000
51.753532 19.141718 810.000000
53.880390 19.141718 810.000000
56.007248 19.141718 810.000000
58.843060 19.141718 810.000000
61.678871 19.141718 810.000000
63.805725 19.141718 810.000000
65.932587 19.141718 810.000000
68.768394 19.141718 810.000000
71.604202 19.141718 810.000000
73.731064 19.141718 810.000000
36.865532 21.268574 810.000000
38.992386 21.268574 810.000000
41.119247 21.268574 810.000000
43.246101 21.268574 810.000000
46.081913 21.268574 810.000000
48.917725 21.268574 810.000000
51.753532 21.268574 810.000000
53.880390 21.268574 810.000000
56.007248 21.268574 810.000000
58.843060 21.268574 810.000000
61.678871 21.268574 810.000000
63.805725 21.268574 810.000000
65.932587 21.268574 810.000000
68.768394 21.268574 810.000000
71.604202 21.268574 810.000000
56.243568 23.159115 810.000000
58.843056 23.395432 810.000000
61.678871 23.395432 810.000000
63.805725 23.395432 810.000000
65.932587 23.395432 810.000000
68.768394 23.395432 810.000000
71.604210 23.395432 810.000000
73.731064 23.395432 810.000000
56.716202 25.522289 810.000000
59.079376 25.994925 810.000000
61.678871 26.231241 810.000000
63.805725 26.231243 810.000000
65.932587 26.231241 810.000000
68.768394 26.231241 810.000000
71.604202 26.231241 810.000000
59.552010 28.358101 810.000000
61.678871 29.067051 810.000000
63.805725 29.067053 810.000000
65.932587 29.067051 810.000000
68.768394 29.067051 810.000000
71.604202 29.067053 810.000000
61.678871 31.193913 810.000000
63.805725 31.193913 810.000000
65.932587 31.193913 810.000000
68.768394 31.193913 810.000000
71.604202 31.193913 810.000000
61.678871 33.320770 810.000000
63.805725 33.320770 810.000000
65.932587 33.320770 810.000000
68.532074 33.084454 810.000000
71.604202 32.611816 810.000000
73.731064 32.611816 810.000000
61.678871 36.156578 810.000000
63.805725 36.156578 810.000000
65.932587 36.156578 810.000000
68.059441 36.156578 810.000000
61.678871 38.992386 810.000000
63.805725 38.992386 810.000000
65.932587 38.992386 810.000000
68.059441 38.992386 810.000000
61.678871 41.119247 810.000000
63.805725 41.119247 810.000000
65.932587 41.119247 810.000000
68.059441 41.119247 810.000000
61.915192 43.009789 810.000000
63.805725 43.246101 810.000000
65.932587 43.246101 810.000000
68.059441 42.537148 810.000000
