-52 145 1419
-51 147 1420
-51 147 1420
-50 147 1420
-50 146 1420
-51 148 1421
-49 145 1421
-49 147 1420
-51 146 1420
-51 147 1419
-51 146 1420
-51 148 1420
-50 148 1420
-52 147 1419
-49 147 1420
-51 147 1420
-50 147 1422
-51 147 1421
-51 146 1420
-53 148 1420
-51 148 1420
-51 149 1421
-52 145 1420
-51 147 1420
-51 147 1419
-50 148 1419
-51 146 1418
-51 146 1419
-50 146 1420
-52 148 1421
-52 146 1420
-51 146 1420
-51 146 1419
-51 146 1419
-52 148 1419
-53 147 1419
-51 147 1419
-52 146 1420
-52 148 1420
-51 145 1419
-52 146 1420
-52 146 1419
-51 145 1419
-52 145 1420
-51 147 1419
-52 147 1420
-52 147 1420
-52 145 1420
-52 147 1419
-51 146 1419
-52 148 1419
-51 147 1419
-52 146 1419
-50 146 1421
-52 146 1419
-51 148 1418
-49 145 1420
-52 147 1420
-51 146 1419
-52 147 1419
-49 148 1419
-52 146 1420
-53 147 1419
-51 146 1420
-52 145 1420
-51 145 1419
-49 145 1419
-49 145 1419
-50 146 1420
-50 145 1420
-53 146 1418
-52 146 1419
-52 146 1420
-50 147 1420
-50 147 1420
-51 146 1420
-50 146 1420
-51 147 1420
-51 147 1420
-52 147 1420
-51 145 1420
-51 147 1420
-51 146 1420
-51 146 1420
-51 147 1420
-52 146 1420
-51 145 1420
-51 146 1420
-53 148 1420
-50 145 1419
-52 147 1419
-50 146 1420
-50 147 1419
-52 147 1419
-51 148 1420
-50 150 1420
-51 147 1421
-51 147 1420
-51 148 1420
-50 149 1421
-50 146 1420
-50 147 1420
-51 149 1421
-50 146 1420
-51 145 1419
-52 149 1420
-52 147 1420
-50 147 1420
-50 146 1419
-51 148 1419
-53 148 1419
-49 147 1420
-51 149 1420
-51 148 1420
-50 148 1421
-51 148 1420
-51 147 1419
-51 148 1420
-52 148 1420
-51 147 1421
-51 149 1421
-49 147 1420
-50 148 1420
-53 149 1419
-51 147 1420
-53 149 1420
-52 151 1421
-51 148 1420
-51 147 1420
-51 150 1422
-51 149 1421
-52 148 1420
-51 146 1420
-52 149 1420
-53 148 1420
-53 149 1420
-52 147 1420
-53 150 1420
-51 147 1418
-50 147 1420
-51 146 1419
-50 148 1419
-53 148 1419
-51 148 1419
-51 147 1420
-51 147 1420
-52 147 1420
-50 146 1420
-50 147 1421
-51 147 1420
-50 149 1420
-51 146 1420
-50 145 1420
-49 146 1420
-50 147 1420
-49 149 1421
-52 147 1420
-52 147 1420
-50 146 1420
-50 146 1421
-53 147 1420
-51 147 1420
-52 148 1419
-52 146 1420
-52 146 1421
-53 149 1420
-51 148 1421
-52 148 1420
-52 147 1420
-52 149 1420
-52 149 1421
-51 148 1419
-51 145 1420
-52 146 1420
-50 146 1420
-49 146 1418
-50 146 1419
-49 148 1417
-48 148 1414
-49 147 1411
-49 148 1410
-51 147 1407
-49 147 1406
-45 152 1404
-47 145 1401
-50 146 1398
-48 146 1395
-48 146 1393
-47 144 1387
-47 143 1384
-47 144 1380
-45 143 1377
-45 143 1373
-45 142 1370
-48 143 1365
-49 140 1361
-52 145 1356
-48 143 1355
-48 138 1354
-47 138 1343
-44 138 1340
-46 136 1334
-44 133 1341
-48 133 1327
-43 135 1322
-42 136 1316
-44 138 1312
-43 136 1309
-37 138 1303
-35 135 1299
-38 135 1293
-40 129 1290
-44 145 1285
-40 139 1281
-40 136 1277
-40 137 1275
-39 134 1271
-39 131 1266
-40 133 1264
-40 130 1261
-41 134 1258
-40 132 1254
-43 129 1253
-42 134 1251
-43 137 1252
-41 135 1249
-42 137 1249
-42 134 1245
-45 138 1245
-39 132 1243
-35 136 1243
-38 131 1238
-36 134 1237
-39 133 1235
-36 132 1234
-36 133 1233
-35 130 1230
-36 130 1229
-36 128 1224
-36 133 1225
-38 129 1222
-37 130 1221
-34 128 1219
-37 128 1218
-38 127 1215
-39 128 1214
-38 125 1211
-38 126 1208
-35 129 1208
-35 125 1207
-36 124 1205
-36 128 1202
-36 127 1201
-37 120 1197
-38 121 1196
-39 125 1193
-36 125 1190
-36 128 1188
-34 126 1186
-34 124 1183
-36 124 1180
-33 121 1176
-35 122 1174
-32 121 1172
-30 123 1168
-31 123 1165
-30 124 1164
-30 123 1160
-31 128 1157
-34 121 1153
-32 123 1152
-31 123 1148
-30 125 1145
-32 129 1142
-28 119 1139
-30 120 1136
-27 121 1131
-33 115 1129
-29 115 1125
-31 116 1121
-30 115 1116
-30 114 1110
-33 109 1107
-32 114 1103
-38 110 1099
-36 109 1095
-34 110 1092
-34 109 1089
-34 110 1088
-34 110 1083
-31 113 1083
-33 110 1076
-30 108 1077
-31 111 1074
-31 106 1067
-28 111 1068
-30 113 1066
-30 108 1059
-24 111 1061
-29 110 1057
-29 111 1054
-32 110 1050
-27 109 1048
-29 108 1047
-31 107 1043
-28 110 1043
-28 115 1042
-31 111 1038
-27 109 1035
-31 109 1032
-31 112 1032
-26 113 1029
-31 110 1027
-30 111 1024
-28 109 1022
-28 113 1023
-32 109 1017
-28 112 1014
-31 109 1012
-31 107 1011
-28 107 1007
-27 109 1005
-27 111 1004
-29 112 1004
-28 113 1003
-27 110 1000
-27 109 997
-27 112 997
-28 111 994
-30 108 990
-28 110 987
-26 109 985
-27 109 982
-26 106 979
-27 106 978
-24 105 975
-27 103 971
-25 102 968
-26 102 965
-27 101 962
-24 102 960
-28 106 957
-24 103 957
-26 99 951
-26 114 950
-20 109 947
-22 100 942
-22 103 940
-22 104 939
-24 105 934
-23 105 930
-19 104 929
-24 104 924
-26 103 922
-26 98 913
-25 100 912
-25 97 906
-22 96 904
-20 100 904
-24 95 901
-21 101 899
-21 93 894
-22 94 892
-23 95 888
-22 94 885
-20 93 881
-23 101 882
-20 100 879
-23 94 878
-19 92 876
-25 95 873
-21 95 870
-24 97 869
-21 96 866
-24 95 863
-22 96 862
-23 95 860
-22 96 859
-22 91 856
-25 95 852
-26 92 853
-24 90 850
-25 93 849
-20 98 846
-26 93 848
-20 94 842
-21 98 843
-24 90 834
-22 95 839
-21 88 831
-22 90 827
-22 92 825
-20 91 825
-19 95 821
-22 92 819
-21 90 819
-23 92 817
-22 95 818
-21 89 815
-18 91 813
-19 93 811
-17 88 810
-20 91 808
-18 91 808
-22 90 806
-18 92 803
-20 89 802
-20 89 803
-21 91 800
-20 89 799
-20 92 799
-19 88 797
-19 88 794
-19 90 793
-20 89 791
-21 88 789
-22 90 789
-16 89 786
-18 92 787
-20 90 783
-19 87 780
-18 93 779
-16 91 776
-16 86 774
-17 90 768
-20 84 770
-21 83 762
-21 83 761
-20 85 759
-18 84 756
-19 84 752
-21 83 750
-22 82 746
-19 82 746
-20 84 743
-19 82 740
-18 82 737
-19 81 734
-19 85 731
-22 87 731
-19 81 727
-16 81 722
-18 82 721
-20 87 718
-15 85 716
-17 82 710
-20 81 707
-19 83 705
-19 81 701
-18 77 700
-15 81 695
-19 82 694
-18 75 688
-18 81 688
-18 82 684
-17 73 680
-14 75 677
-17 80 676
-19 77 669
-18 78 668
-20 79 665
-19 73 660
-19 78 662
-18 74 656
-16 75 655
-17 71 652
-18 73 648
-18 72 646
-17 75 643
-16 74 642
-18 76 639
-15 72 638
-18 76 635
-14 72 635
-16 73 631
-17 71 626
-17 73 626
-18 72 623
-19 74 621
-17 73 617
-19 71 615
-15 68 612
-16 73 609
-16 65 608
-17 73 606
-15 71 603
-15 73 601
-17 68 596
-17 71 593
-17 67 591
-14 69 589
-17 71 585
-16 70 581
