31.193913 -58.134109 680.400024
33.320770 -58.134109 680.400024
53.880390 -58.134109 680.400024
55.298294 -58.134109 680.400024
58.134109 -58.134109 680.400024
61.678871 -58.134109 680.400024
101.380203 -58.134109 680.400024
103.507072 -58.134109 680.400024
31.193913 -56.716202 680.400024
33.320770 -56.007248 680.400024
35.920265 -56.243568 680.400024
39.228706 -56.243568 680.400024
41.119247 -56.007248 680.400024
42.537148 -55.298294 680.400024
52.462486 -55.298294 680.400024
58.606743 -56.243568 680.400024
61.915192 -56.243568 680.400024
99.253357 -56.716202 680.400024
101.616531 -56.243568 680.400024
104.216026 -56.007248 680.400024
106.342873 -56.007248 680.400024
31.193913 -53.880390 680.400024
32.611816 -53.880390 680.400024
39.701340 -53.880390 680.400024
41.119247 -53.880390 680.400024
42.537148 -53.880390 680.400024
49.626678 -53.880390 680.400024
52.462486 -53.880390 680.400024
58.134109 -53.880390 680.400024
62.387825 -53.880390 680.400024
104.924973 -53.880390 680.400024
106.342873 -53.880390 680.400024
29.776005 -51.044579 680.400024
31.193913 -51.753532 680.400024
33.084454 -51.989849 680.400024
49.626678 -51.753532 680.400024
51.753532 -52.462486 680.400024
58.134109 -51.044579 680.400024
66.168907 -51.517212 680.400024
69.477348 -51.044579 680.400024
72.313156 -51.044579 680.400024
104.924973 -51.753532 680.400024
106.342873 -52.462486 680.400024
21.268574 -48.208771 680.400024
23.395432 -48.917725 680.400024
25.522289 -48.208771 680.400024
29.776005 -48.917725 680.400024
31.193913 -49.626678 680.400024
32.611816 -49.626678 680.400024
48.208771 -48.208771 680.400024
51.044579 -48.208771 680.400024
56.716202 -48.208771 680.400024
58.843060 -48.208771 680.400024
62.387825 -48.208771 680.400024
63.805725 -48.917725 680.400024
65.932587 -48.917725 680.400024
68.768394 -48.917725 680.400024
71.604202 -48.208771 680.400024
73.731064 -48.208771 680.400024
21.268574 -46.081913 680.400024
23.395432 -46.081913 680.400024
25.994925 -45.845596 680.400024
29.303371 -45.845596 680.400024
46.790867 -45.372959 680.400024
48.681408 -45.845596 680.400024
51.753532 -46.081913 680.400024
53.880390 -46.081913 680.400024
56.243568 -45.845596 680.400024
58.843060 -46.081913 680.400024
61.678871 -46.081913 680.400024
63.805725 -46.081913 680.400024
65.932587 -46.081913 680.400024
68.768394 -46.081913 680.400024
71.604202 -46.081913 680.400024
73.731064 -46.081913 680.400024
21.268574 -43.246101 680.400024
23.395432 -43.246101 680.400024
25.994925 -43.482422 680.400024
29.303371 -43.009789 680.400024
46.790867 -43.955059 680.400024
48.208771 -43.955059 680.400024
58.843060 -43.246101 680.400024
61.678871 -43.246101 680.400024
63.805725 -43.246101 680.400024
65.932587 -43.246105 680.400024
68.768394 -43.246101 680.400024
71.604202 -43.246105 680.400024
73.731064 -43.246101 680.400024
185.745560 -43.246101 680.400024
21.268574 -41.119247 680.400024
23.395432 -41.119247 680.400024
26.231243 -41.119247 680.400024
29.067053 -41.119247 680.400024
56.716202 -41.119247 680.400024
58.843060 -41.119247 680.400024
61.678871 -41.119247 680.400024
63.805725 -41.119247 680.400024
65.932587 -41.119247 680.400024
68.768394 -41.119247 680.400024
71.604202 -41.119247 680.400024
184.327667 -41.119247 680.400024
186.454514 -41.119247 680.400024
188.581360 -41.119247 680.400024
21.268574 -39.701340 680.400024
23.395432 -38.992386 680.400024
26.231243 -38.992386 680.400024
29.067053 -38.992386 680.400024
31.193913 -38.992386 680.400024
33.084454 -38.756069 680.400024
39.701340 -38.283436 680.400024
56.716202 -38.992386 680.400024
58.843060 -38.992386 680.400024
61.678871 -38.992386 680.400024
63.805725 -38.992386 680.400024
65.932587 -38.992386 680.400024
68.768394 -38.992386 680.400024
71.604202 -38.992386 680.400024
186.690842 -39.228706 680.400024
188.581360 -38.992386 680.400024
23.395432 -36.156582 680.400024
26.231241 -36.156582 680.400024
29.067051 -36.156578 680.400024
31.193913 -36.156578 680.400024
33.320770 -36.156578 680.400024
35.920265 -35.920265 680.400024
38.756069 -36.392899 680.400024
43.955059 -36.865532 680.400024
45.372959 -36.865532 680.400024
56.716202 -36.865532 680.400024
58.843060 -36.865532 680.400024
186.454514 -36.865532 680.400024
188.581360 -36.865532 680.400024
23.631750 -33.084454 680.400024
26.231243 -33.320770 680.400024
29.067051 -33.320770 680.400024
31.193913 -33.320770 680.400024
33.320770 -33.320770 680.400024
36.156578 -33.320770 680.400024
38.283436 -33.320770 680.400024
41.119247 -32.611816 680.400024
43.246101 -32.611816 680.400024
45.372959 -32.611816 680.400024
23.395432 -31.193913 680.400024
26.231243 -31.193913 680.400024
29.067053 -31.193913 680.400024
31.193913 -31.193913 680.400024
33.320770 -31.193913 680.400024
36.156578 -31.193913 680.400024
38.992386 -31.193913 680.400024
41.119247 -31.193913 680.400024
43.246101 -31.193913 680.400024
46.081913 -31.193913 680.400024
48.208771 -31.193913 680.400024
23.395432 -29.067051 680.400024
26.231241 -29.067053 680.400024
28.830734 -29.303371 680.400024
31.193913 -29.776005 680.400024
32.611816 -29.776005 680.400024
36.156578 -29.776005 680.400024
38.992386 -29.067053 680.400024
41.119247 -29.067053 680.400024
43.246105 -29.067051 680.400024
46.081913 -29.067051 680.400024
48.208771 -29.067053 680.400024
23.395432 -26.231241 680.400024
26.231243 -26.231243 680.400024
28.358101 -26.231243 680.400024
32.611816 -26.231243 680.400024
36.392899 -25.994925 680.400024
38.992386 -26.231241 680.400024
41.119247 -26.231243 680.400024
43.246105 -26.231243 680.400024
46.081913 -26.231243 680.400024
48.208771 -26.231243 680.400024
23.395432 -23.395432 680.400024
26.231241 -23.395432 680.400024
28.358101 -23.395432 680.400024
36.865532 -24.104385 680.400024
38.992386 -23.395432 680.400024
41.119247 -23.395432 680.400024
43.246101 -23.395432 680.400024
46.081913 -23.395432 680.400024
48.681408 -23.159115 680.400024
23.395432 -21.268574 680.400024
26.231243 -21.268574 680.400024
29.067053 -21.268574 680.400024
38.992386 -21.268574 680.400024
41.119247 -21.268574 680.400024
43.246101 -21.268574 680.400024
46.081913 -21.268574 680.400024
48.208771 -21.268574 680.400024
23.395432 -19.141718 680.400024
26.231241 -19.141718 680.400024
28.830734 -18.905401 680.400024
31.193913 -19.141718 680.400024
33.320770 -18.432766 680.400024
36.156578 -18.432766 680.400024
38.283436 -18.432766 680.400024
46.081913 -19.141718 680.400024
48.208771 -19.850670 680.400024
52.462486 -19.141718 680.400024
23.395432 -16.305908 680.400024
26.231243 -16.305908 680.400024
29.067051 -16.305908 680.400024
31.193913 -16.305908 680.400024
33.320770 -16.305908 680.400024
36.156578 -16.305908 680.400024
38.283436 -16.305908 680.400024
41.119247 -16.305908 680.400024
45.372959 -17.014860 680.400024
23.395432 -13.470098 680.400024
26.231243 -13.470098 680.400024
29.067053 -13.470098 680.400024
31.193913 -13.470098 680.400024
33.320770 -13.470098 680.400024
36.156578 -13.470098 680.400024
23.395432 -11.343240 680.400024
26.231243 -11.343240 680.400024
29.067053 -11.343240 680.400024
31.193913 -11.343240 680.400024
33.320770 -11.343240 680.400024
36.156578 -11.343240 680.400024
38.992386 -11.343240 680.400024
41.119247 -11.343240 680.400024
23.395432 -9.216383 680.400024
26.231241 -9.216383 680.400024
29.067051 -9.216383 680.400024
31.193913 -9.216383 680.400024
33.320770 -9.216383 680.400024
36.156578 -9.216383 680.400024
38.992386 -9.216383 680.400024
41.119247 -9.216383 680.400024
43.009789 -8.980065 680.400024
23.395432 -6.380572 680.400024
26.231241 -6.380572 680.400024
29.067051 -6.380572 680.400024
31.193913 -6.380572 680.400024
33.320770 -6.380572 680.400024
36.156578 -6.380572 680.400024
38.992386 -6.380572 680.400024
41.119247 -6.380572 680.400024
43.246105 -6.380573 680.400024
68.768394 -5.671620 680.400024
23.395432 -3.544763 680.400024
26.231243 -3.544763 680.400024
29.067051 -3.544763 680.400024
31.193913 -3.544763 680.400024
33.320770 -3.544763 680.400024
36.156578 -3.544763 680.400024
38.992386 -3.544763 680.400024
41.119247 -3.544763 680.400024
43.246105 -3.544763 680.400024
46.081913 -3.544763 680.400024
48.208771 -2.835810 680.400024
63.805725 -3.544763 680.400024
65.696274 -3.781080 680.400024
68.059441 -3.544763 680.400024
23.395432 -1.417905 680.400024
26.231243 -1.417905 680.400024
29.067053 -1.417905 680.400024
31.193913 -1.417905 680.400024
33.320770 -1.417905 680.400024
36.156578 -1.417905 680.400024
38.992386 -1.417905 680.400024
41.119247 -1.417905 680.400024
43.246101 -1.417905 680.400024
46.081913 -1.417905 680.400024
48.917725 -1.417905 680.400024
63.805725 -1.417905 680.400024
65.932587 -1.417905 680.400024
68.768394 -1.417905 680.400024
70.895256 -1.417905 680.400024
23.395432 0.708952 680.400024
26.231243 0.708952 680.400024
29.067051 0.708952 680.400024
31.193913 0.708952 680.400024
33.320770 0.708952 680.400024
36.156578 0.708952 680.400024
38.992386 0.708952 680.400024
41.119247 0.708952 680.400024
43.246101 0.708952 680.400024
46.081913 0.708952 680.400024
48.917725 0.708952 680.400024
51.044579 1.417905 680.400024
63.805725 0.708952 680.400024
65.932587 0.708952 680.400024
69.004715 0.472635 680.400024
70.895256 1.417905 680.400024
98.544403 0.708952 680.400024
101.380203 0.708952 680.400024
21.268574 3.544763 680.400024
23.395432 3.544763 680.400024
26.231243 3.544763 680.400024
29.067053 3.544763 680.400024
31.193913 3.544763 680.400024
33.320770 3.544763 680.400024
36.156578 3.544763 680.400024
38.992386 3.544763 680.400024
41.119247 3.544763 680.400024
43.246101 3.544763 680.400024
46.081913 3.544763 680.400024
48.917725 3.544763 680.400024
51.044579 3.544763 680.400024
53.880390 3.544763 680.400024
55.770931 3.781080 680.400024
59.552010 4.253715 680.400024
61.678871 3.544763 680.400024
63.805725 3.544763 680.400024
65.932587 3.544763 680.400024
68.768394 3.544763 680.400024
71.604202 3.544763 680.400024
73.731064 3.544763 680.400024
75.148964 4.253715 680.400024
99.253357 2.835810 680.400024
100.671257 2.835810 680.400024
21.268574 6.380572 680.400024
23.395432 6.380572 680.400024
26.231241 6.380572 680.400024
29.067053 6.380572 680.400024
31.193913 6.380572 680.400024
33.320770 6.380572 680.400024
36.156578 6.380572 680.400024
38.992386 6.380572 680.400024
41.119247 6.380572 680.400024
43.246101 6.380572 680.400024
46.081913 6.380572 680.400024
48.917725 6.380572 680.400024
51.753532 6.380572 680.400024
53.880390 6.380572 680.400024
56.007248 6.380572 680.400024
58.843060 6.380572 680.400024
61.678871 6.380572 680.400024
63.805725 6.380572 680.400024
65.932587 6.380572 680.400024
68.768394 6.380572 680.400024
71.367889 6.144255 680.400024
73.731064 5.671620 680.400024
75.148964 6.380572 680.400024
99.253357 6.380572 680.400024
101.380203 6.380572 680.400024
21.268574 8.507430 680.400024
23.395432 9.216383 680.400024
25.994925 8.980066 680.400024
29.067051 9.216383 680.400024
31.193913 9.216383 680.400024
33.320770 9.216383 680.400024
36.156578 9.216383 680.400024
38.992386 9.216383 680.400024
41.119247 9.216383 680.400024
43.246105 9.216383 680.400024
46.081913 9.216383 680.400024
48.917725 9.216383 680.400024
51.753532 9.216383 680.400024
53.880390 9.216383 680.400024
56.007248 9.216383 680.400024
58.843056 9.216383 680.400024
61.678871 9.216383 680.400024
63.805725 9.216383 680.400024
65.932587 9.216383 680.400024
68.768394 9.216383 680.400024
70.895256 9.216383 680.400024
75.148964 9.925335 680.400024
23.395432 11.343240 680.400024
26.231243 11.343240 680.400024
29.067053 11.343240 680.400024
31.193913 11.343240 680.400024
33.320770 11.343240 680.400024
36.156578 11.343240 680.400024
38.992386 11.343240 680.400024
41.119247 11.343240 680.400024
43.246101 11.343240 680.400024
46.081913 11.343240 680.400024
48.917725 11.343240 680.400024
51.753532 11.343240 680.400024
53.880390 11.343240 680.400024
56.007248 11.343240 680.400024
58.843060 11.343240 680.400024
61.678871 11.343240 680.400024
63.805725 11.343240 680.400024
65.932587 11.343240 680.400024
68.768394 11.343240 680.400024
71.604202 11.343240 680.400024
73.731064 11.343240 680.400024
75.857918 11.343240 680.400024
23.159115 13.706416 680.400024
25.994925 13.706416 680.400024
29.067053 13.470098 680.400024
31.193913 13.470098 680.400024
33.320770 13.470098 680.400024
36.156578 13.470098 680.400024
38.992386 13.470098 680.400024
41.119247 13.470098 680.400024
43.246101 13.470098 680.400024
46.081913 13.470098 680.400024
48.917725 13.470098 680.400024
51.753532 13.470098 680.400024
53.880390 13.470098 680.400024
56.007248 13.470098 680.400024
58.843056 13.470098 680.400024
61.678871 13.470098 680.400024
63.805725 13.470098 680.400024
65.932587 13.470098 680.400024
68.768394 13.470098 680.400024
71.604202 13.470098 680.400024
73.731064 13.470098 680.400024
75.621605 13.233780 680.400024
23.395432 16.305908 680.400024
26.231241 16.305908 680.400024
29.067051 16.305908 680.400024
31.193913 16.305908 680.400024
33.320770 16.305908 680.400024
36.156578 16.305908 680.400024
38.992386 16.305908 680.400024
41.119247 16.305908 680.400024
43.009789 16.069592 680.400024
45.845596 16.069592 680.400024
49.626678 15.596956 680.400024
51.989849 16.069592 680.400024
53.880390 16.305908 680.400024
56.007248 16.305908 680.400024
58.843056 16.305908 680.400024
61.678871 16.305908 680.400024
63.805725 16.305908 680.400024
65.932587 16.305908 680.400024
68.768394 16.305908 680.400024
71.367889 16.542227 680.400024
73.731064 17.014860 680.400024
23.395432 19.141718 680.400024
26.231243 19.141718 680.400024
29.067053 19.141718 680.400024
31.193913 19.141718 680.400024
33.320770 19.141718 680.400024
36.156578 19.141718 680.400024
38.992386 19.141718 680.400024
41.119247 19.141718 680.400024
43.246105 19.141718 680.400024
46.081913 19.141718 680.400024
48.917725 19.850670 680.400024
51.989849 19.378036 680.400024
53.880390 19.141718 680.400024
56.007248 19.141718 680.400024
58.843060 19.141718 680.400024
61.678871 19.141718 680.400024
63.805725 19.141718 680.400024
65.932587 19.141718 680.400024
68.768394 19.141718 680.400024
71.604202 19.141718 680.400024
73.731064 19.141718 680.400024
75.148964 19.141718 680.400024
23.395432 21.268574 680.400024
26.231243 21.268574 680.400024
29.067053 21.268574 680.400024
31.193913 21.268574 680.400024
33.320770 21.268574 680.400024
36.156578 21.268574 680.400024
38.992386 21.268574 680.400024
41.119247 21.268574 680.400024
43.246101 21.268574 680.400024
46.081913 21.268574 680.400024
48.917725 21.268574 680.400024
51.753532 21.268574 680.400024
53.880390 21.268574 680.400024
56.007248 21.268574 680.400024
58.843060 21.268574 680.400024
61.678871 21.268574 680.400024
63.805725 21.268574 680.400024
65.932587 21.268574 680.400024
68.768394 21.268574 680.400024
71.604202 21.268574 680.400024
73.731064 21.268574 680.400024
75.857918 21.268574 680.400024
87.910118 21.268574 680.400024
26.467560 23.159115 680.400024
29.067051 23.395432 680.400024
31.193913 23.395432 680.400024
33.320770 23.395432 680.400024
36.156578 23.395432 680.400024
38.992386 23.395432 680.400024
41.119247 23.395432 680.400024
43.246101 23.395432 680.400024
46.081913 23.395432 680.400024
48.917725 23.395432 680.400024
51.753532 23.395432 680.400024
53.880390 23.395432 680.400024
56.007248 23.395432 680.400024
58.843056 23.395432 680.400024
61.678871 23.395432 680.400024
63.805725 23.395432 680.400024
65.932587 23.395432 680.400024
68.768394 23.395432 680.400024
71.604202 23.395432 680.400024
73.731064 23.395432 680.400024
75.857918 23.395432 680.400024
78.693726 23.395432 680.400024
81.529541 24.104385 680.400024
83.656395 23.395432 680.400024
85.783257 23.395432 680.400024
88.619064 23.395432 680.400024
26.940195 26.231243 680.400024
29.067051 26.231243 680.400024
31.193913 26.231243 680.400024
33.320770 26.231241 680.400024
36.156578 26.231243 680.400024
38.992386 26.231243 680.400024
41.119247 26.231243 680.400024
43.246105 26.231243 680.400024
46.081913 26.231243 680.400024
48.917725 26.231243 680.400024
51.753532 26.231241 680.400024
53.880390 26.231243 680.400024
56.007248 26.231241 680.400024
58.843056 26.231241 680.400024
61.678871 26.231241 680.400024
63.805725 26.231243 680.400024
65.932587 26.231241 680.400024
68.768394 26.231241 680.400024
71.604202 26.231243 680.400024
73.731064 26.231243 680.400024
75.857918 26.231243 680.400024
78.693726 26.231243 680.400024
81.293228 25.994925 680.400024
83.656395 25.522289 680.400024
85.546936 25.994925 680.400024
88.619064 25.522289 680.400024
26.940195 29.067053 680.400024
29.067053 29.067053 680.400024
31.193913 29.067053 680.400024
33.320770 29.067053 680.400024
36.156578 29.067053 680.400024
38.992386 29.067051 680.400024
41.119247 29.067053 680.400024
43.246101 29.067053 680.400024
46.081913 29.067053 680.400024
48.917725 29.067053 680.400024
51.753532 29.067053 680.400024
53.880390 29.067053 680.400024
56.007248 29.067051 680.400024
58.843060 29.067053 680.400024
61.678871 29.067053 680.400024
63.805725 29.067053 680.400024
65.932587 29.067051 680.400024
68.768394 29.067051 680.400024
71.604202 29.067053 680.400024
73.731064 29.067053 680.400024
75.857918 29.067053 680.400024
78.693726 29.067053 680.400024
83.656395 28.358101 680.400024
26.940195 31.193913 680.400024
29.067053 31.193913 680.400024
31.193913 31.193913 680.400024
33.320770 31.193913 680.400024
36.156578 31.193913 680.400024
38.992386 31.193913 680.400024
41.119247 31.193913 680.400024
43.246101 31.193913 680.400024
46.081913 31.193913 680.400024
48.917725 31.193913 680.400024
51.753532 31.193913 680.400024
53.880390 31.193913 680.400024
56.007248 31.193913 680.400024
58.843060 31.193913 680.400024
61.678871 31.193913 680.400024
63.805725 31.193913 680.400024
65.932587 31.193913 680.400024
68.768394 31.193913 680.400024
71.604202 31.193913 680.400024
73.731064 31.193913 680.400024
75.857918 31.193913 680.400024
78.693726 31.193913 680.400024
26.940195 33.320770 680.400024
29.067053 33.320770 680.400024
31.193913 33.320770 680.400024
33.320770 33.320770 680.400024
36.156578 33.320770 680.400024
38.992386 33.320770 680.400024
41.119247 33.320770 680.400024
43.246105 33.320770 680.400024
46.081913 33.320770 680.400024
48.917725 33.320770 680.400024
51.753532 33.320770 680.400024
53.880390 33.320770 680.400024
56.007248 33.320770 680.400024
58.843060 33.320770 680.400024
61.678871 33.320770 680.400024
63.805725 33.320770 680.400024
65.932587 33.320770 680.400024
68.768394 33.320770 680.400024
71.604202 33.320770 680.400024
73.731064 33.320770 680.400024
75.857918 33.320770 680.400024
78.693726 33.320770 680.400024
96.417542 34.029720 680.400024
98.544403 34.029720 680.400024
101.380203 34.029720 680.400024
104.924973 34.029720 680.400024
106.342873 34.029720 680.400024
26.940195 36.156578 680.400024
29.067053 36.156582 680.400024
31.193913 36.156578 680.400024
33.320770 36.156578 680.400024
36.156582 36.156578 680.400024
38.992386 36.156582 680.400024
41.119247 36.156578 680.400024
43.246101 36.156578 680.400024
46.081913 36.156578 680.400024
48.917725 36.156578 680.400024
51.753532 36.156578 680.400024
53.880390 36.156578 680.400024
56.007248 36.156582 680.400024
58.843060 36.156582 680.400024
61.678871 36.156582 680.400024
63.805725 36.156578 680.400024
65.932587 36.156582 680.400024
68.768394 36.156582 680.400024
71.604202 36.156578 680.400024
73.731064 36.156578 680.400024
75.857918 36.156578 680.400024
77.984779 36.156578 680.400024
92.163834 35.447628 680.400024
94.999634 35.447628 680.400024
96.417542 36.156578 680.400024
98.544403 36.156578 680.400024
101.380203 36.156578 680.400024
104.924973 36.156578 680.400024
106.342873 36.156578 680.400024
110.596588 36.156578 680.400024
26.940195 38.992386 680.400024
29.067051 38.992386 680.400024
31.193913 38.992386 680.400024
33.320770 38.992386 680.400024
36.156578 38.992386 680.400024
38.992386 38.992386 680.400024
41.119247 38.992386 680.400024
43.246101 38.992386 680.400024
46.081913 38.992386 680.400024
48.917725 38.992386 680.400024
51.753532 38.992386 680.400024
53.880390 38.992386 680.400024
56.007248 38.992386 680.400024
58.843060 38.992386 680.400024
61.678871 38.992386 680.400024
63.805725 38.992386 680.400024
65.932587 38.992386 680.400024
68.768394 38.992386 680.400024
71.604202 38.992386 680.400024
73.731064 38.992386 680.400024
75.857918 38.992386 680.400024
78.457413 38.756069 680.400024
94.999634 38.992386 680.400024
96.417542 38.992386 680.400024
98.544403 38.992386 680.400024
101.380203 38.992386 680.400024
104.924973 38.992386 680.400024
106.342873 39.701340 680.400024
26.940195 41.119247 680.400024
29.067053 41.119247 680.400024
31.193913 41.119247 680.400024
33.320770 41.119247 680.400024
36.156578 41.119247 680.400024
38.992386 41.119247 680.400024
41.119247 41.119247 680.400024
43.246101 41.119247 680.400024
46.081913 41.119247 680.400024
48.917725 41.119247 680.400024
51.753532 41.119247 680.400024
53.880390 41.119247 680.400024
56.007248 41.119247 680.400024
58.843060 41.119247 680.400024
61.678871 41.119247 680.400024
63.805725 41.119247 680.400024
65.932587 41.119247 680.400024
68.768394 41.119247 680.400024
71.604202 41.119247 680.400024
73.731064 41.119247 680.400024
75.857918 41.119247 680.400024
26.940195 43.246101 680.400024
29.067053 43.246105 680.400024
31.193913 43.246101 680.400024
33.320770 43.246105 680.400024
36.156578 43.246105 680.400024
38.992386 43.246105 680.400024
41.119247 43.246101 680.400024
43.246101 43.246105 680.400024
46.081913 43.246105 680.400024
48.917725 43.246101 680.400024
51.753532 43.246105 680.400024
53.880390 43.246101 680.400024
56.007248 43.246105 680.400024
58.843056 43.246101 680.400024
61.678871 43.246101 680.400024
63.805725 43.246101 680.400024
65.932587 43.246101 680.400024
68.768394 43.246101 680.400024
71.604202 43.246105 680.400024
73.731064 43.246101 680.400024
75.857918 43.246101 680.400024
77.984779 43.955059 680.400024
26.940195 46.081913 680.400024
29.067051 46.081913 680.400024
31.193913 46.081913 680.400024
33.320770 46.081913 680.400024
36.156578 46.081913 680.400024
38.992386 46.081913 680.400024
41.119247 46.081913 680.400024
43.246105 46.081913 680.400024
46.081913 46.081913 680.400024
48.917725 46.081913 680.400024
51.753532 46.081913 680.400024
53.880390 46.081913 680.400024
56.007248 46.081913 680.400024
58.843060 46.081913 680.400024
61.678871 46.081913 680.400024
63.805725 46.081913 680.400024
65.932587 46.081913 680.400024
68.768394 46.081913 680.400024
71.604202 46.081913 680.400024
73.731064 46.081913 680.400024
75.857918 46.081913 680.400024
77.984779 46.081913 680.400024
23.395432 48.917725 680.400024
26.231241 48.917725 680.400024
29.067053 48.917725 680.400024
31.193913 48.917725 680.400024
33.320770 48.917725 680.400024
36.156578 48.917725 680.400024
38.992386 48.917725 680.400024
41.119247 48.917725 680.400024
43.246105 48.917725 680.400024
46.081913 48.917725 680.400024
48.917725 48.917725 680.400024
51.753532 48.917725 680.400024
53.880390 48.917725 680.400024
56.007248 48.917725 680.400024
58.843056 48.917725 680.400024
61.678871 48.917725 680.400024
63.805725 48.917725 680.400024
65.932587 48.917725 680.400024
68.768394 48.917725 680.400024
71.604202 48.917725 680.400024
73.731064 48.917725 680.400024
75.857918 48.917725 680.400024
77.984779 48.917725 680.400024
81.529541 48.917725 680.400024
21.268574 51.753532 680.400024
23.395432 51.753532 680.400024
26.231241 51.753532 680.400024
29.067051 51.753532 680.400024
31.193913 51.753532 680.400024
33.320770 51.753532 680.400024
36.156578 51.753532 680.400024
38.992386 51.753532 680.400024
41.119247 51.753532 680.400024
43.246105 51.753532 680.400024
46.081913 51.753532 680.400024
48.917725 51.753532 680.400024
51.753532 51.753532 680.400024
53.880390 51.753532 680.400024
56.007248 51.753532 680.400024
58.843060 51.753532 680.400024
61.678871 51.753532 680.400024
63.805725 51.753532 680.400024
65.932587 51.753532 680.400024
68.768394 51.753532 680.400024
71.604202 51.753532 680.400024
73.731064 51.753532 680.400024
75.857918 51.753532 680.400024
78.457413 51.989849 680.400024
81.529541 51.753532 680.400024
83.656395 51.753532 680.400024
21.268574 53.880390 680.400024
23.395432 53.880390 680.400024
26.231243 53.880390 680.400024
29.067053 53.880390 680.400024
31.193913 53.880390 680.400024
33.320770 53.880390 680.400024
36.156578 53.880390 680.400024
38.992386 53.880390 680.400024
41.119247 53.880390 680.400024
43.246101 53.880390 680.400024
46.081913 53.880390 680.400024
48.917725 53.880390 680.400024
51.753532 53.880390 680.400024
53.880390 53.880390 680.400024
56.007248 53.880390 680.400024
58.843060 53.880390 680.400024
61.678871 53.880390 680.400024
63.805725 53.880390 680.400024
65.932587 53.880390 680.400024
68.768394 53.880390 680.400024
71.604202 53.880390 680.400024
73.731064 53.880390 680.400024
75.857918 53.880390 680.400024
78.693726 53.880390 680.400024
81.529541 53.880390 680.400024
83.656395 53.880390 680.400024
21.268574 56.007248 680.400024
23.395432 56.007248 680.400024
25.994925 55.770931 680.400024
29.067053 55.298294 680.400024
31.193913 55.298294 680.400024
33.320770 55.298294 680.400024
35.920265 55.770931 680.400024
38.992386 55.298294 680.400024
46.790867 55.298294 680.400024
48.917725 55.298294 680.400024
51.753532 55.298294 680.400024
53.880390 55.298294 680.400024
56.007248 56.007248 680.400024
58.606743 55.770931 680.400024
61.678871 55.298294 680.400024
63.805725 56.007248 680.400024
65.932587 56.007248 680.400024
68.768394 56.007248 680.400024
71.604202 56.007248 680.400024
73.731064 55.298294 680.400024
75.857918 55.298294 680.400024
81.529541 55.298294 680.400024
83.656395 55.298294 680.400024
27.272789 -58.851814 688.799988
36.602955 -58.851814 688.799988
38.756073 -58.851814 688.799988
40.909187 -58.851814 688.799988
43.780006 -58.851814 688.799988
46.650829 -58.851814 688.799988
48.803944 -58.851814 688.799988
50.957058 -58.851814 688.799988
53.110172 -58.851814 688.799988
57.416405 -58.851814 688.799988
60.287224 -58.851814 688.799988
66.746567 -58.851814 688.799988
68.899689 -58.851814 688.799988
71.052795 -58.851814 688.799988
73.205910 -58.851814 688.799988
81.818375 -58.851814 688.799988
83.971489 -58.851814 688.799988
86.124603 -58.851814 688.799988
88.277718 -58.851814 688.799988
91.148544 -58.851814 688.799988
94.019363 -58.851814 688.799988
96.172478 -58.851814 688.799988
97.607887 -58.851814 688.799988
116.268219 -58.851814 688.799988
117.703629 -58.851814 688.799988
23.684267 -55.980991 688.799988
26.555084 -56.698700 688.799988
28.708202 -56.698700 688.799988
30.622082 -56.459465 688.799988
37.320660 -55.980991 688.799988
38.756073 -55.980991 688.799988
44.019241 -56.937939 688.799988
46.650829 -56.698700 688.799988
48.803944 -56.698700 688.799988
50.957058 -56.698700 688.799988
54.067108 -56.937935 688.799988
56.698700 -56.698696 688.799988
61.004929 -55.980991 688.799988
64.593452 -56.698700 688.799988
66.746567 -56.698700 688.799988
68.899689 -56.698700 688.799988
71.052795 -56.698700 688.799988
73.923615 -56.698700 688.799988
76.076736 -56.698700 688.799988
77.990616 -56.937939 688.799988
81.100670 -56.698696 688.799988
83.971489 -56.698700 688.799988
86.124603 -56.698700 688.799988
88.277710 -56.698700 688.799988
91.148537 -56.698700 688.799988
94.019363 -56.698700 688.799988
96.172478 -56.698700 688.799988
98.325592 -56.698700 688.799988
101.196411 -55.980991 688.799988
109.091156 -56.698700 688.799988
111.244278 -56.698696 688.799988
114.115112 -56.698696 688.799988
116.268219 -56.698700 688.799988
118.421333 -56.698696 688.799988
121.292160 -56.698696 688.799988
124.162971 -56.698700 688.799988
126.316078 -56.698700 688.799988
128.469208 -56.698700 688.799988
131.340027 -56.698700 688.799988
134.210846 -56.698700 688.799988
136.363968 -56.698700 688.799988
138.517090 -56.698700 688.799988
141.387909 -56.698696 688.799988
144.258698 -56.698700 688.799988
146.411819 -56.698700 688.799988
148.564941 -56.698700 688.799988
151.435760 -56.698700 688.799988
153.588882 -56.698700 688.799988
155.742004 -56.698696 688.799988
158.612823 -56.698700 688.799988
161.483643 -56.698700 688.799988
163.636749 -56.698700 688.799988
165.789856 -56.698696 688.799988
168.660675 -56.698696 688.799988
171.531494 -56.698696 688.799988
173.684616 -56.698700 688.799988
175.837738 -56.698700 688.799988
178.708557 -56.698700 688.799988
181.579361 -56.698696 688.799988
183.732498 -56.698700 688.799988
185.646393 -56.459465 688.799988
21.531151 -53.827873 688.799988
23.684267 -53.827873 688.799988
26.555084 -53.827877 688.799988
28.708202 -53.827873 688.799988
30.143612 -53.827873 688.799988
34.449844 -54.545578 688.799988
36.602955 -53.827873 688.799988
38.756073 -53.827873 688.799988
40.909187 -53.110172 688.799988
44.019241 -53.588646 688.799988
46.650829 -53.827873 688.799988
48.803944 -53.827873 688.799988
51.674763 -54.545578 688.799988
54.545578 -53.827873 688.799988
56.698700 -53.827873 688.799988
58.851814 -53.110172 688.799988
61.004929 -53.827873 688.799988
64.114983 -53.588638 688.799988
66.507339 -54.067108 688.799988
68.899689 -53.827873 688.799988
71.052795 -53.827873 688.799988
73.923615 -53.827877 688.799988
76.076736 -53.827873 688.799988
78.229851 -53.827877 688.799988
81.100670 -53.827873 688.799988
83.971489 -53.827873 688.799988
86.124603 -53.827873 688.799988
88.277718 -53.827873 688.799988
91.148544 -53.827873 688.799988
94.019363 -53.827877 688.799988
96.172478 -53.827873 688.799988
98.325592 -53.827877 688.799988
101.196411 -53.827877 688.799988
104.067230 -53.827877 688.799988
109.091156 -53.827873 688.799988
111.244278 -53.827877 688.799988
114.115105 -53.827873 688.799988
116.268219 -53.827873 688.799988
118.421333 -53.827873 688.799988
121.292160 -53.827877 688.799988
124.162971 -53.827877 688.799988
126.316078 -53.827873 688.799988
128.469208 -53.827873 688.799988
131.340027 -53.827873 688.799988
134.210846 -53.827873 688.799988
136.363968 -53.827873 688.799988
138.517090 -53.827877 688.799988
141.387909 -53.827877 688.799988
144.258698 -53.827877 688.799988
146.411819 -53.827873 688.799988
148.564941 -53.827877 688.799988
151.435760 -53.827877 688.799988
153.588882 -53.827873 688.799988
155.742004 -53.827877 688.799988
158.612823 -53.827877 688.799988
161.483643 -53.827873 688.799988
163.636749 -53.827873 688.799988
165.789856 -53.827873 688.799988
168.660675 -53.827873 688.799988
171.531494 -53.827873 688.799988
173.684616 -53.827873 688.799988
175.837738 -53.827873 688.799988
178.708557 -53.827873 688.799988
181.579361 -53.827877 688.799988
183.732498 -53.827873 688.799988
185.885605 -53.827873 688.799988
188.517212 -53.588646 688.799988
21.531151 -50.957058 688.799988
23.684267 -51.674763 688.799988
26.555084 -50.957058 688.799988
28.708202 -50.957058 688.799988
34.449844 -50.957058 688.799988
36.602955 -50.957058 688.799988
38.756073 -50.957058 688.799988
40.909187 -50.957058 688.799988
43.780006 -50.957058 688.799988
46.650829 -50.957058 688.799988
48.803944 -50.957058 688.799988
51.196297 -50.717827 688.799988
53.827873 -50.957058 688.799988
56.698696 -50.957058 688.799988
58.851814 -50.239353 688.799988
61.004929 -50.957058 688.799988
63.636513 -51.196297 688.799988
68.899689 -51.674763 688.799988
71.770500 -50.957058 688.799988
74.162857 -50.717827 688.799988
76.076736 -50.957058 688.799988
78.229851 -50.957058 688.799988
81.100670 -50.957058 688.799988
83.971489 -50.957058 688.799988
86.124603 -50.957058 688.799988
88.516953 -50.717827 688.799988
91.148537 -50.957058 688.799988
94.019363 -50.957058 688.799988
96.172478 -50.957058 688.799988
98.325592 -50.957058 688.799988
101.196411 -50.957058 688.799988
104.067230 -50.957058 688.799988
108.373459 -50.957058 688.799988
111.244278 -50.957058 688.799988
114.115112 -50.957058 688.799988
116.268219 -50.957058 688.799988
118.421333 -50.957058 688.799988
121.292160 -50.957058 688.799988
124.162971 -50.957058 688.799988
126.316078 -50.957058 688.799988
128.469208 -50.957058 688.799988
131.340027 -50.957058 688.799988
134.210846 -50.957058 688.799988
136.363968 -50.957058 688.799988
138.517090 -50.957058 688.799988
141.387909 -50.957058 688.799988
144.258698 -50.957058 688.799988
146.411819 -50.957058 688.799988
148.564941 -50.957058 688.799988
151.435760 -50.957058 688.799988
153.588882 -50.957058 688.799988
155.742004 -50.957058 688.799988
158.612823 -50.957058 688.799988
161.483643 -50.957058 688.799988
163.636749 -50.957058 688.799988
165.789856 -50.957058 688.799988
168.660690 -50.957058 688.799988
171.531494 -50.957058 688.799988
173.684616 -50.957058 688.799988
175.837738 -50.957058 688.799988
178.708557 -50.957058 688.799988
181.579361 -50.957058 688.799988
183.732498 -50.957058 688.799988
185.885605 -50.957058 688.799988
188.038727 -50.957058 688.799988
27.272789 -48.803944 688.799988
28.708202 -48.803944 688.799988
31.579020 -48.803944 688.799988
33.732140 -48.803944 688.799988
36.602955 -48.803944 688.799988
38.756073 -48.803944 688.799988
40.909187 -48.803944 688.799988
43.780006 -48.803944 688.799988
46.650829 -48.803944 688.799988
50.239353 -48.803944 688.799988
53.827873 -48.803944 688.799988
55.980991 -48.803944 688.799988
61.722637 -48.803944 688.799988
76.076736 -48.803944 688.799988
78.229851 -48.803944 688.799988
81.818375 -48.803944 688.799988
83.971489 -48.803944 688.799988
86.124603 -48.803944 688.799988
88.277718 -48.803944 688.799988
91.148544 -48.803944 688.799988
94.019363 -48.803944 688.799988
96.172478 -48.803944 688.799988
98.325592 -48.803944 688.799988
101.196411 -48.803944 688.799988
104.067230 -48.803944 688.799988
106.220345 -48.803944 688.799988
108.373451 -48.803944 688.799988
111.244278 -48.803944 688.799988
114.115105 -48.803944 688.799988
116.268219 -48.803944 688.799988
118.421333 -48.803944 688.799988
121.292152 -48.803944 688.799988
124.162971 -48.803944 688.799988
126.316078 -48.803944 688.799988
128.469208 -48.803944 688.799988
131.340027 -48.803944 688.799988
134.210846 -48.803944 688.799988
136.363968 -48.803944 688.799988
138.517090 -48.803944 688.799988
141.387909 -48.803944 688.799988
144.258698 -48.803944 688.799988
146.411819 -48.803944 688.799988
148.564941 -48.803944 688.799988
151.435760 -48.803944 688.799988
153.588882 -48.803944 688.799988
155.742004 -48.803944 688.799988
158.612823 -48.803944 688.799988
161.483643 -48.803944 688.799988
163.636749 -48.803944 688.799988
165.789856 -48.803944 688.799988
168.660675 -48.803944 688.799988
171.531494 -48.803944 688.799988
173.684616 -48.803944 688.799988
175.837738 -48.803944 688.799988
178.708557 -48.803944 688.799988
181.579376 -48.803944 688.799988
183.732498 -48.803944 688.799988
185.885620 -48.803944 688.799988
188.038727 -48.803944 688.799988
27.272789 -47.368534 688.799988
28.708202 -47.368534 688.799988
31.579020 -46.650829 688.799988
33.732140 -46.650829 688.799988
36.602955 -46.650829 688.799988
38.756073 -46.650829 688.799988
40.909187 -46.650829 688.799988
43.780006 -46.650829 688.799988
46.411598 -46.890068 688.799988
50.239353 -47.368534 688.799988
55.980991 -47.368534 688.799988
76.076736 -46.650829 688.799988
78.229851 -46.650829 688.799988
81.818375 -46.650829 688.799988
83.971489 -46.650829 688.799988
86.124603 -46.650829 688.799988
88.277710 -46.650829 688.799988
91.148537 -46.650829 688.799988
94.019363 -46.650829 688.799988
96.172478 -46.650829 688.799988
98.325592 -46.650829 688.799988
101.196411 -46.650829 688.799988
104.067230 -46.650829 688.799988
106.220345 -46.650829 688.799988
108.373451 -46.650829 688.799988
111.244278 -46.650829 688.799988
114.115112 -46.650829 688.799988
116.268219 -46.650829 688.799988
118.421326 -46.650829 688.799988
121.292152 -46.650829 688.799988
124.162971 -46.650829 688.799988
126.316078 -46.650829 688.799988
128.469208 -46.650829 688.799988
131.340027 -46.650829 688.799988
134.210846 -46.650829 688.799988
136.363968 -46.650829 688.799988
138.517090 -46.650829 688.799988
141.387909 -46.650829 688.799988
144.258698 -46.650829 688.799988
146.411819 -46.650829 688.799988
148.564941 -46.650829 688.799988
151.435760 -46.650829 688.799988
153.588882 -46.650829 688.799988
155.742004 -46.650829 688.799988
158.612823 -46.650829 688.799988
161.483643 -46.650829 688.799988
163.636749 -46.650829 688.799988
165.789856 -46.650829 688.799988
168.660690 -46.650829 688.799988
171.531494 -46.650829 688.799988
173.684616 -46.650829 688.799988
175.837738 -46.650829 688.799988
178.708557 -46.650829 688.799988
181.579376 -46.650829 688.799988
183.732498 -46.650829 688.799988
185.885620 -46.650829 688.799988
188.038727 -46.650829 688.799988
27.272789 -43.062302 688.799988
28.708202 -44.497711 688.799988
31.579020 -43.780006 688.799988
33.732140 -43.780006 688.799988
36.602955 -43.780006 688.799988
38.756073 -43.780006 688.799988
40.909187 -43.780006 688.799988
43.780006 -43.780006 688.799988
46.411598 -43.540771 688.799988
48.803944 -43.062302 688.799988
50.957058 -43.780006 688.799988
53.827873 -43.780006 688.799988
56.698700 -43.780006 688.799988
76.076736 -43.780006 688.799988
78.229851 -43.780006 688.799988
81.100670 -43.780006 688.799988
83.971489 -43.780006 688.799988
86.124603 -43.780006 688.799988
88.277718 -43.780006 688.799988
91.148544 -43.780006 688.799988
94.019363 -43.780006 688.799988
96.172478 -43.780006 688.799988
98.325592 -43.780006 688.799988
101.196411 -43.780006 688.799988
104.067230 -43.780006 688.799988
106.220345 -43.780006 688.799988
108.373451 -43.780006 688.799988
111.244278 -43.780006 688.799988
114.115105 -43.780006 688.799988
116.268219 -43.780006 688.799988
118.421333 -43.780006 688.799988
121.292160 -43.780006 688.799988
124.162971 -43.780006 688.799988
126.316078 -43.780006 688.799988
128.469208 -43.780006 688.799988
131.340027 -43.780006 688.799988
134.210846 -43.780006 688.799988
136.363968 -43.780006 688.799988
138.517090 -43.780006 688.799988
141.387909 -43.780006 688.799988
144.258698 -43.780006 688.799988
146.411819 -43.780006 688.799988
148.564941 -43.780006 688.799988
151.435760 -43.780006 688.799988
153.588882 -43.780006 688.799988
155.742004 -43.780006 688.799988
158.612823 -43.780006 688.799988
161.483643 -43.780006 688.799988
163.636749 -43.780006 688.799988
165.789856 -43.780006 688.799988
168.660675 -43.780006 688.799988
171.531494 -43.780006 688.799988
173.684616 -43.780006 688.799988
175.837738 -43.780006 688.799988
178.708557 -43.780006 688.799988
181.579376 -43.780006 688.799988
183.732498 -43.780006 688.799988
185.885605 -43.780006 688.799988
31.579020 -41.626892 688.799988
33.971375 -41.148422 688.799988
36.602955 -40.909187 688.799988
38.756073 -40.909187 688.799988
40.909187 -40.909187 688.799988
43.780006 -40.909187 688.799988
46.650829 -40.909187 688.799988
48.803944 -40.909187 688.799988
50.957058 -40.909187 688.799988
53.827873 -40.909187 688.799988
55.980991 -40.909187 688.799988
74.641319 -40.909187 688.799988
76.076736 -40.909187 688.799988
78.229851 -40.909187 688.799988
81.100670 -40.909187 688.799988
83.971489 -40.909187 688.799988
86.124603 -40.909187 688.799988
88.516953 -40.669952 688.799988
91.148537 -40.909187 688.799988
94.019363 -40.909187 688.799988
96.172478 -40.909187 688.799988
98.325592 -40.909187 688.799988
101.196411 -40.909187 688.799988
104.067230 -40.909187 688.799988
106.220345 -40.909187 688.799988
108.373451 -40.909187 688.799988
111.244278 -40.909187 688.799988
114.115112 -40.909187 688.799988
116.268219 -40.909187 688.799988
118.421333 -40.909187 688.799988
121.292160 -40.909187 688.799988
124.162971 -40.909187 688.799988
126.316078 -40.909187 688.799988
128.469208 -40.909187 688.799988
131.340027 -40.909187 688.799988
134.210846 -40.909187 688.799988
136.363968 -40.909187 688.799988
138.517090 -40.909187 688.799988
141.387909 -40.909187 688.799988
144.258698 -40.909187 688.799988
146.411819 -40.909187 688.799988
148.564941 -40.909187 688.799988
151.435760 -40.909187 688.799988
153.588882 -40.909187 688.799988
155.742004 -40.909187 688.799988
158.612823 -40.909187 688.799988
161.483643 -40.909187 688.799988
163.636749 -40.909187 688.799988
165.789856 -40.909187 688.799988
168.660675 -40.909187 688.799988
171.531509 -40.909187 688.799988
173.684616 -40.909187 688.799988
175.837738 -40.909187 688.799988
178.708557 -40.909187 688.799988
181.579361 -40.909187 688.799988
183.732498 -40.909187 688.799988
185.646393 -40.669952 688.799988
36.602955 -38.756073 688.799988
38.756073 -38.756073 688.799988
41.626892 -38.756073 688.799988
43.780006 -38.756073 688.799988
46.650829 -38.756073 688.799988
48.803944 -38.756073 688.799988
50.957058 -38.756073 688.799988
53.827873 -38.756073 688.799988
55.980991 -38.756073 688.799988
74.641319 -38.756073 688.799988
76.076736 -38.756073 688.799988
78.229851 -38.756073 688.799988
81.100670 -38.756073 688.799988
83.971489 -38.756073 688.799988
88.995422 -38.756073 688.799988
91.148544 -38.756073 688.799988
94.019363 -38.756073 688.799988
96.172478 -38.756073 688.799988
98.325592 -38.756073 688.799988
101.196411 -38.756073 688.799988
104.067230 -38.756073 688.799988
106.220345 -38.756073 688.799988
108.373451 -38.756073 688.799988
111.244278 -38.756073 688.799988
114.115105 -38.756073 688.799988
116.268219 -38.756073 688.799988
118.421333 -38.756073 688.799988
121.292152 -38.756073 688.799988
124.162971 -38.756073 688.799988
126.316078 -38.756073 688.799988
128.469208 -38.756073 688.799988
131.340027 -38.756073 688.799988
134.210846 -38.756073 688.799988
136.363968 -38.756073 688.799988
138.517090 -38.756073 688.799988
141.387909 -38.756073 688.799988
144.258698 -38.756073 688.799988
146.411819 -38.756073 688.799988
148.564941 -38.756073 688.799988
151.435760 -38.756073 688.799988
153.588882 -38.756073 688.799988
155.742004 -38.756073 688.799988
158.612823 -38.756073 688.799988
161.483643 -38.756073 688.799988
163.636749 -38.756073 688.799988
165.789856 -38.756073 688.799988
168.660675 -38.756073 688.799988
171.531494 -38.756073 688.799988
173.684616 -38.756073 688.799988
175.837738 -38.756073 688.799988
178.708557 -38.756073 688.799988
181.579376 -38.756073 688.799988
183.732498 -38.756073 688.799988
185.885620 -38.756073 688.799988
188.038727 -38.756073 688.799988
37.320660 -37.320660 688.799988
41.148422 -36.363720 688.799988
43.540771 -36.363720 688.799988
46.890068 -36.363720 688.799988
48.803944 -35.885250 688.799988
50.957058 -36.602955 688.799988
53.827873 -36.602955 688.799988
56.459465 -36.363720 688.799988
58.851814 -35.885250 688.799988
61.244167 -36.363720 688.799988
63.875744 -36.602955 688.799988
66.746567 -36.602955 688.799988
68.899689 -36.602955 688.799988
71.052795 -36.602955 688.799988
73.923615 -36.602955 688.799988
76.076736 -36.602955 688.799988
78.229851 -36.602955 688.799988
81.100670 -36.602955 688.799988
83.971489 -36.602955 688.799988
86.124603 -36.602955 688.799988
88.277718 -36.602955 688.799988
91.148544 -36.602955 688.799988
94.019363 -36.602955 688.799988
96.172478 -36.602955 688.799988
98.325592 -36.602955 688.799988
101.196411 -36.602955 688.799988
104.067230 -36.602955 688.799988
106.220345 -36.602955 688.799988
108.373459 -36.602955 688.799988
111.244278 -36.602955 688.799988
114.115105 -36.602955 688.799988
116.268219 -36.602955 688.799988
118.421326 -36.602955 688.799988
121.292160 -36.602955 688.799988
124.162971 -36.602955 688.799988
126.316078 -36.602955 688.799988
128.469208 -36.602955 688.799988
131.340027 -36.602955 688.799988
134.210861 -36.602955 688.799988
136.363968 -36.602955 688.799988
138.517090 -36.602955 688.799988
141.387909 -36.602955 688.799988
144.258698 -36.602955 688.799988
146.411819 -36.602955 688.799988
148.564941 -36.602955 688.799988
151.435760 -36.602955 688.799988
153.588882 -36.602955 688.799988
155.742004 -36.602955 688.799988
158.612808 -36.602955 688.799988
161.483643 -36.602955 688.799988
163.636749 -36.602955 688.799988
165.789856 -36.602955 688.799988
168.660675 -36.602955 688.799988
171.531494 -36.602955 688.799988
173.684616 -36.602955 688.799988
175.837738 -36.602955 688.799988
178.708557 -36.602955 688.799988
181.579376 -36.602955 688.799988
183.732498 -36.602955 688.799988
185.167908 -36.602955 688.799988
40.669952 -33.971375 688.799988
43.780006 -34.449844 688.799988
46.890068 -33.971375 688.799988
48.803944 -33.732140 688.799988
50.957058 -33.732140 688.799988
53.827873 -33.732140 688.799988
56.698700 -33.732140 688.799988
58.851814 -33.732140 688.799988
61.004932 -33.732140 688.799988
63.875748 -33.732140 688.799988
66.746567 -33.732140 688.799988
68.899689 -33.732140 688.799988
71.052795 -33.732140 688.799988
73.923615 -33.732140 688.799988
76.076736 -33.732140 688.799988
78.229851 -33.732140 688.799988
81.100670 -33.732140 688.799988
83.971489 -33.732140 688.799988
86.124603 -33.732140 688.799988
88.277710 -33.732140 688.799988
91.148537 -33.732140 688.799988
94.019363 -33.732140 688.799988
96.172478 -33.732140 688.799988
98.325592 -33.732140 688.799988
101.196411 -33.732140 688.799988
104.067230 -33.732140 688.799988
106.220345 -33.732140 688.799988
108.373451 -33.732140 688.799988
111.244278 -33.732140 688.799988
114.115105 -33.732140 688.799988
116.268219 -33.732140 688.799988
118.421333 -33.732140 688.799988
121.292152 -33.732140 688.799988
124.162971 -33.732140 688.799988
126.316078 -33.732140 688.799988
128.469208 -33.732140 688.799988
131.340027 -33.732140 688.799988
134.210846 -33.732140 688.799988
136.363968 -33.732140 688.799988
138.517090 -33.732140 688.799988
141.387909 -33.732140 688.799988
144.258698 -33.732140 688.799988
146.411819 -33.732140 688.799988
148.564941 -33.732140 688.799988
151.435760 -33.732140 688.799988
153.588882 -33.732140 688.799988
155.742004 -33.732140 688.799988
158.612823 -33.732140 688.799988
161.483643 -33.732140 688.799988
163.636749 -33.732140 688.799988
165.789856 -33.732140 688.799988
168.660690 -33.732140 688.799988
171.531509 -33.732140 688.799988
173.684616 -33.732140 688.799988
175.837738 -33.732140 688.799988
178.708557 -33.732140 688.799988
181.579376 -33.732140 688.799988
183.732498 -33.732140 688.799988
185.885620 -33.732140 688.799988
34.449844 -30.143612 688.799988
50.957058 -30.861315 688.799988
53.827873 -30.861315 688.799988
56.698700 -30.861315 688.799988
58.851814 -30.861317 688.799988
61.004929 -30.861315 688.799988
63.875744 -30.861317 688.799988
66.746567 -30.861315 688.799988
68.899689 -30.861317 688.799988
71.052795 -30.861317 688.799988
73.923615 -30.861317 688.799988
76.076736 -30.861317 688.799988
78.229851 -30.861315 688.799988
81.100670 -30.861315 688.799988
83.971489 -30.861317 688.799988
86.124603 -30.861317 688.799988
88.277718 -30.861317 688.799988
91.148537 -30.861315 688.799988
94.019363 -30.861315 688.799988
96.172478 -30.861317 688.799988
98.325592 -30.861317 688.799988
101.196411 -30.861315 688.799988
104.067230 -30.861315 688.799988
106.220345 -30.861317 688.799988
108.373451 -30.861317 688.799988
111.244278 -30.861317 688.799988
114.115112 -30.861317 688.799988
116.268219 -30.861317 688.799988
118.421333 -30.861317 688.799988
121.292152 -30.861315 688.799988
124.162971 -30.861315 688.799988
126.316078 -30.861317 688.799988
128.469208 -30.861315 688.799988
131.340027 -30.861315 688.799988
134.210846 -30.861315 688.799988
136.363968 -30.861317 688.799988
138.517090 -30.861317 688.799988
141.387909 -30.861315 688.799988
144.258698 -30.861317 688.799988
146.411819 -30.861317 688.799988
148.564941 -30.861317 688.799988
151.435760 -30.861317 688.799988
153.588882 -30.861317 688.799988
155.742004 -30.861315 688.799988
158.612823 -30.861317 688.799988
161.483643 -30.861315 688.799988
163.636749 -30.861317 688.799988
165.789856 -30.861315 688.799988
168.660675 -30.861317 688.799988
171.531494 -30.861315 688.799988
173.684616 -30.861317 688.799988
175.837738 -30.861315 688.799988
178.708557 -30.861317 688.799988
181.579376 -30.861315 688.799988
183.732498 -30.861317 688.799988
185.885620 -30.861317 688.799988
30.861317 -28.708202 688.799988
33.732140 -28.708202 688.799988
36.602955 -28.708202 688.799988
50.957058 -28.708202 688.799988
53.827873 -28.708202 688.799988
56.698700 -28.708202 688.799988
58.851814 -28.708202 688.799988
61.004929 -28.708202 688.799988
63.875748 -28.708202 688.799988
66.746567 -28.708202 688.799988
68.899689 -28.708202 688.799988
71.052795 -28.708202 688.799988
73.923615 -28.708202 688.799988
76.076736 -28.708202 688.799988
78.229851 -28.708202 688.799988
81.100670 -28.708202 688.799988
83.971489 -28.708202 688.799988
86.124603 -28.708202 688.799988
88.277718 -28.708202 688.799988
91.148544 -28.708202 688.799988
94.019363 -28.708202 688.799988
96.172478 -28.708202 688.799988
98.325592 -28.708202 688.799988
101.196411 -28.708202 688.799988
104.067230 -28.708202 688.799988
106.220345 -28.708202 688.799988
108.373451 -28.708202 688.799988
111.244278 -28.708202 688.799988
114.115105 -28.708202 688.799988
116.268219 -28.708202 688.799988
118.421333 -28.708202 688.799988
121.292152 -28.708202 688.799988
124.162971 -28.708202 688.799988
126.316078 -28.708202 688.799988
128.469208 -28.708202 688.799988
131.340027 -28.708202 688.799988
134.210846 -28.708202 688.799988
136.363968 -28.708202 688.799988
138.517090 -28.708202 688.799988
141.387909 -28.708202 688.799988
144.258698 -28.708202 688.799988
146.411819 -28.708202 688.799988
148.564941 -28.708202 688.799988
151.435760 -28.708202 688.799988
153.588882 -28.708202 688.799988
155.742004 -28.708202 688.799988
158.612823 -28.708202 688.799988
161.483643 -28.708202 688.799988
163.636749 -28.708202 688.799988
165.789856 -28.708202 688.799988
168.660675 -28.708202 688.799988
171.531494 -28.708202 688.799988
173.684616 -28.708202 688.799988
175.837738 -28.708202 688.799988
178.708557 -28.708202 688.799988
181.579376 -28.708202 688.799988
183.732498 -28.708202 688.799988
185.885620 -28.708202 688.799988
30.861317 -26.555084 688.799988
34.449844 -26.555084 688.799988
35.885250 -27.272789 688.799988
50.957058 -26.555084 688.799988
53.827873 -26.555084 688.799988
56.698700 -26.555086 688.799988
58.851814 -26.555084 688.799988
61.004932 -26.555084 688.799988
63.875748 -26.555084 688.799988
66.746574 -26.555084 688.799988
68.899689 -26.555084 688.799988
71.052803 -26.555084 688.799988
73.923615 -26.555086 688.799988
76.076736 -26.555084 688.799988
78.229851 -26.555086 688.799988
81.100670 -26.555084 688.799988
83.971489 -26.555084 688.799988
86.124603 -26.555084 688.799988
88.277718 -26.555084 688.799988
91.148544 -26.555084 688.799988
94.019363 -26.555084 688.799988
96.172478 -26.555084 688.799988
98.325592 -26.555086 688.799988
101.196411 -26.555086 688.799988
104.067230 -26.555086 688.799988
106.220345 -26.555084 688.799988
108.373451 -26.555084 688.799988
111.244278 -26.555084 688.799988
114.115105 -26.555084 688.799988
116.268219 -26.555084 688.799988
118.421326 -26.555084 688.799988
121.292152 -26.555084 688.799988
124.162971 -26.555084 688.799988
126.316078 -26.555084 688.799988
128.469208 -26.555084 688.799988
131.340027 -26.555084 688.799988
134.210846 -26.555084 688.799988
136.363968 -26.555084 688.799988
138.517090 -26.555086 688.799988
141.387909 -26.555084 688.799988
144.258698 -26.555084 688.799988
146.411819 -26.555084 688.799988
148.564941 -26.555084 688.799988
151.435760 -26.555084 688.799988
153.588882 -26.555084 688.799988
155.742004 -26.555084 688.799988
158.612823 -26.555086 688.799988
161.483643 -26.555084 688.799988
163.636749 -26.555084 688.799988
165.789856 -26.555084 688.799988
168.660675 -26.555084 688.799988
171.531494 -26.555086 688.799988
173.684616 -26.555084 688.799988
175.837738 -26.555084 688.799988
178.708557 -26.555084 688.799988
181.579376 -26.555084 688.799988
183.732498 -26.555084 688.799988
185.885620 -26.555084 688.799988
30.861317 -23.684267 688.799988
33.732140 -23.684267 688.799988
36.363720 -23.445034 688.799988
51.196297 -23.923504 688.799988
53.827873 -23.684267 688.799988
56.698700 -23.684267 688.799988
58.851814 -23.684267 688.799988
61.004932 -23.684267 688.799988
63.875744 -23.684267 688.799988
66.746567 -23.684267 688.799988
68.899689 -23.684267 688.799988
71.052795 -23.684267 688.799988
73.923615 -23.684267 688.799988
76.076736 -23.684267 688.799988
78.229851 -23.684267 688.799988
81.100670 -23.684267 688.799988
83.971489 -23.684267 688.799988
86.124603 -23.684267 688.799988
88.277718 -23.684267 688.799988
91.148537 -23.684267 688.799988
94.019363 -23.684267 688.799988
96.172478 -23.684267 688.799988
98.325592 -23.684267 688.799988
101.196411 -23.684267 688.799988
104.067230 -23.684267 688.799988
106.220345 -23.684267 688.799988
108.373451 -23.684267 688.799988
111.244278 -23.684267 688.799988
114.115112 -23.684267 688.799988
116.268219 -23.684267 688.799988
118.421333 -23.684267 688.799988
121.292160 -23.684267 688.799988
124.162971 -23.684267 688.799988
126.316078 -23.684267 688.799988
128.469208 -23.684267 688.799988
131.340027 -23.684267 688.799988
134.210846 -23.684267 688.799988
136.363968 -23.684267 688.799988
138.517090 -23.684267 688.799988
141.387909 -23.684267 688.799988
144.258698 -23.684267 688.799988
146.411819 -23.684267 688.799988
148.564941 -23.684267 688.799988
151.435760 -23.684267 688.799988
153.588882 -23.684267 688.799988
155.742004 -23.684267 688.799988
158.612823 -23.684267 688.799988
161.483643 -23.684267 688.799988
163.636749 -23.684267 688.799988
165.789856 -23.684267 688.799988
168.660675 -23.684267 688.799988
171.531494 -23.684267 688.799988
173.684616 -23.684267 688.799988
175.837738 -23.684267 688.799988
178.708557 -23.684267 688.799988
181.579361 -23.684267 688.799988
183.732498 -23.684267 688.799988
185.885620 -23.684267 688.799988
33.732140 -20.813446 688.799988
36.602955 -20.813446 688.799988
38.756073 -20.095741 688.799988
40.909187 -20.095741 688.799988
43.780006 -20.095741 688.799988
50.957058 -20.813446 688.799988
54.067108 -21.052681 688.799988
56.937935 -21.052681 688.799988
58.851814 -20.813446 688.799988
60.765697 -21.052681 688.799988
63.875744 -20.813446 688.799988
66.746567 -20.813446 688.799988
68.899689 -20.813446 688.799988
71.052803 -20.813446 688.799988
73.923615 -20.813446 688.799988
76.076736 -20.813446 688.799988
78.229851 -20.813446 688.799988
81.100670 -20.813446 688.799988
83.971489 -20.813446 688.799988
86.124603 -20.813446 688.799988
88.277710 -20.813446 688.799988
91.148537 -20.813446 688.799988
94.019363 -20.813446 688.799988
96.172478 -20.813446 688.799988
98.325592 -20.813446 688.799988
101.196411 -20.813446 688.799988
104.067230 -20.813446 688.799988
106.220345 -20.813446 688.799988
108.373451 -20.813446 688.799988
111.244278 -20.813446 688.799988
114.115105 -20.813446 688.799988
116.268219 -20.813446 688.799988
118.421326 -20.813446 688.799988
121.292152 -20.813446 688.799988
124.162971 -20.813446 688.799988
126.316078 -20.813446 688.799988
128.469208 -20.813446 688.799988
131.340027 -20.813446 688.799988
134.210846 -20.813446 688.799988
136.363968 -20.813446 688.799988
138.517090 -20.813446 688.799988
141.387909 -20.813446 688.799988
144.258698 -20.813446 688.799988
146.411819 -20.813446 688.799988
148.564941 -20.813446 688.799988
151.435760 -20.813446 688.799988
153.588882 -20.813446 688.799988
155.742004 -20.813446 688.799988
158.612823 -20.813446 688.799988
161.483643 -20.813446 688.799988
163.636749 -20.813446 688.799988
165.789856 -20.813446 688.799988
168.660675 -20.813446 688.799988
171.531509 -20.813446 688.799988
173.684616 -20.813446 688.799988
175.837738 -20.813446 688.799988
178.708557 -20.813446 688.799988
181.579376 -20.813446 688.799988
183.732498 -20.813446 688.799988
185.885620 -20.813446 688.799988
40.909187 -18.660330 688.799988
43.780006 -18.660330 688.799988
48.803944 -18.660330 688.799988
50.957058 -18.660330 688.799988
54.545578 -18.660330 688.799988
56.698700 -18.660330 688.799988
58.851814 -18.660330 688.799988
61.004929 -18.660330 688.799988
63.875748 -18.660330 688.799988
66.746567 -18.660330 688.799988
68.899689 -18.660330 688.799988
71.052795 -18.660330 688.799988
73.923615 -18.660330 688.799988
76.076736 -18.660330 688.799988
78.229851 -18.660330 688.799988
81.100670 -18.660330 688.799988
83.971489 -18.660330 688.799988
86.124603 -18.660330 688.799988
88.277718 -18.660330 688.799988
91.148544 -18.660330 688.799988
94.019363 -18.660330 688.799988
98.325592 -18.660330 688.799988
101.196411 -18.660330 688.799988
104.067230 -18.660330 688.799988
106.220345 -18.660330 688.799988
108.373451 -18.660330 688.799988
111.244278 -18.660330 688.799988
114.115105 -18.660330 688.799988
116.268219 -18.660330 688.799988
118.421333 -18.660330 688.799988
121.292152 -18.660330 688.799988
124.162971 -18.660330 688.799988
126.316078 -18.660330 688.799988
128.469208 -18.660330 688.799988
131.340027 -18.660330 688.799988
134.210846 -18.660330 688.799988
136.363968 -18.660330 688.799988
138.517090 -18.660330 688.799988
141.387909 -18.660330 688.799988
144.258698 -18.660330 688.799988
146.411819 -18.660330 688.799988
148.564941 -18.660330 688.799988
151.435760 -18.660330 688.799988
153.588882 -18.660330 688.799988
155.742004 -18.660330 688.799988
158.612823 -18.660330 688.799988
161.483643 -18.660330 688.799988
163.636749 -18.660330 688.799988
165.789856 -18.660330 688.799988
168.660675 -18.660330 688.799988
171.531494 -18.660330 688.799988
173.684616 -18.660330 688.799988
175.837738 -18.660330 688.799988
178.708557 -18.660330 688.799988
181.579376 -18.660330 688.799988
183.732498 -18.660330 688.799988
185.885620 -18.660330 688.799988
40.191483 -16.507215 688.799988
43.780006 -16.507215 688.799988
46.890068 -16.267981 688.799988
48.803944 -16.507215 688.799988
50.717827 -16.746452 688.799988
53.827873 -16.507215 688.799988
56.698700 -16.507215 688.799988
58.851814 -16.507215 688.799988
61.004932 -16.507215 688.799988
63.875748 -16.507215 688.799988
66.746567 -16.507215 688.799988
68.899689 -16.507215 688.799988
71.052795 -16.507215 688.799988
73.923615 -16.507215 688.799988
76.076736 -16.507215 688.799988
78.229851 -16.507215 688.799988
81.100670 -16.507215 688.799988
83.971489 -16.507215 688.799988
86.124603 -16.507215 688.799988
88.277710 -16.507215 688.799988
91.148537 -16.507215 688.799988
94.019363 -16.507215 688.799988
96.172478 -15.789510 688.799988
98.325592 -16.507215 688.799988
101.196411 -16.507215 688.799988
104.067230 -16.507215 688.799988
106.220345 -16.507215 688.799988
108.373459 -16.507215 688.799988
111.244278 -16.507215 688.799988
114.115112 -16.507215 688.799988
116.268219 -16.507215 688.799988
118.421333 -16.507215 688.799988
121.292160 -16.507215 688.799988
124.162971 -16.507215 688.799988
126.316078 -16.507215 688.799988
128.469208 -16.507215 688.799988
131.340027 -16.507215 688.799988
134.210846 -16.507215 688.799988
136.363968 -16.507215 688.799988
138.517090 -16.507215 688.799988
141.387909 -16.507215 688.799988
144.258698 -16.507215 688.799988
146.411819 -16.507215 688.799988
148.564941 -16.507215 688.799988
151.435760 -16.507215 688.799988
153.588882 -16.507215 688.799988
155.742004 -16.507215 688.799988
158.612823 -16.507215 688.799988
161.483643 -16.507215 688.799988
163.636749 -16.507215 688.799988
165.789856 -16.507215 688.799988
168.660690 -16.507215 688.799988
171.531494 -16.507215 688.799988
173.684616 -16.507215 688.799988
175.837738 -16.507215 688.799988
178.708557 -16.507215 688.799988
181.579361 -16.507215 688.799988
183.732498 -16.507215 688.799988
185.885620 -16.507215 688.799988
38.756073 -13.636396 688.799988
40.909187 -13.636395 688.799988
43.780006 -13.636395 688.799988
46.650829 -13.636396 688.799988
48.803944 -13.636396 688.799988
50.957058 -13.636395 688.799988
53.588646 -13.875631 688.799988
56.937939 -13.875631 688.799988
58.851814 -13.636396 688.799988
61.004929 -13.636395 688.799988
63.875748 -13.636396 688.799988
66.746574 -13.636395 688.799988
68.899689 -13.636396 688.799988
71.052795 -13.636396 688.799988
73.923615 -13.636395 688.799988
76.076736 -13.636396 688.799988
78.229851 -13.636395 688.799988
81.100670 -13.636396 688.799988
83.971489 -13.636396 688.799988
86.124603 -13.636396 688.799988
88.277710 -13.636396 688.799988
91.148537 -13.636395 688.799988
94.019363 -13.636395 688.799988
96.172478 -13.636396 688.799988
98.325592 -13.636395 688.799988
101.196411 -13.636396 688.799988
104.067230 -13.636395 688.799988
106.220345 -13.636396 688.799988
108.373459 -13.636395 688.799988
111.244278 -13.636395 688.799988
114.115112 -13.636396 688.799988
116.268219 -13.636396 688.799988
118.421333 -13.636396 688.799988
121.292152 -13.636395 688.799988
124.162971 -13.636396 688.799988
126.316078 -13.636396 688.799988
128.469208 -13.636395 688.799988
131.340027 -13.636396 688.799988
134.210861 -13.636396 688.799988
136.363968 -13.636396 688.799988
138.517090 -13.636395 688.799988
141.387909 -13.636396 688.799988
144.258698 -13.636395 688.799988
146.411819 -13.636396 688.799988
148.564941 -13.636396 688.799988
151.435760 -13.636396 688.799988
153.588882 -13.636396 688.799988
155.742004 -13.636395 688.799988
158.612823 -13.636395 688.799988
161.483643 -13.636395 688.799988
163.636749 -13.636396 688.799988
165.789856 -13.636396 688.799988
168.660675 -13.636395 688.799988
171.531494 -13.636396 688.799988
173.684616 -13.636396 688.799988
175.837738 -13.636396 688.799988
178.708557 -13.636396 688.799988
181.579361 -13.636396 688.799988
183.732498 -13.636396 688.799988
185.885620 -13.636395 688.799988
44.019241 -11.004812 688.799988
46.650829 -10.765575 688.799988
48.803944 -10.765575 688.799988
50.957058 -10.765575 688.799988
53.827873 -10.765575 688.799988
56.698700 -10.765575 688.799988
58.851814 -10.765575 688.799988
61.004932 -10.765575 688.799988
63.875744 -10.765575 688.799988
66.746567 -10.765575 688.799988
68.899689 -10.765575 688.799988
71.052795 -10.765575 688.799988
73.923615 -10.765575 688.799988
76.076736 -10.765575 688.799988
78.229851 -10.765576 688.799988
81.100670 -10.765575 688.799988
83.971489 -10.765576 688.799988
86.124603 -10.765575 688.799988
88.277710 -10.765576 688.799988
91.148537 -10.765576 688.799988
94.019363 -10.765575 688.799988
96.172478 -10.765575 688.799988
98.325592 -10.765575 688.799988
101.196411 -10.765575 688.799988
104.067230 -10.765576 688.799988
106.220345 -10.765575 688.799988
108.373451 -10.765575 688.799988
111.244270 -10.765575 688.799988
114.115112 -10.765575 688.799988
116.268219 -10.765575 688.799988
118.421333 -10.765575 688.799988
121.292152 -10.765575 688.799988
124.162971 -10.765575 688.799988
126.316078 -10.765575 688.799988
128.469208 -10.765576 688.799988
131.340027 -10.765576 688.799988
134.210861 -10.765575 688.799988
136.363968 -10.765575 688.799988
138.517090 -10.765576 688.799988
141.387909 -10.765575 688.799988
144.258698 -10.765575 688.799988
146.411819 -10.765575 688.799988
148.564941 -10.765575 688.799988
151.435760 -10.765575 688.799988
153.588882 -10.765575 688.799988
155.742004 -10.765575 688.799988
158.612823 -10.765575 688.799988
161.483643 -10.765575 688.799988
163.636749 -10.765575 688.799988
165.789856 -10.765575 688.799988
168.660675 -10.765576 688.799988
171.531494 -10.765576 688.799988
173.684616 -10.765575 688.799988
175.837738 -10.765575 688.799988
178.708557 -10.765575 688.799988
181.579361 -10.765575 688.799988
183.732498 -10.765575 688.799988
185.885620 -10.765575 688.799988
46.650829 -8.612461 688.799988
48.803944 -8.612461 688.799988
50.957058 -8.612461 688.799988
53.827873 -8.612461 688.799988
56.698700 -8.612461 688.799988
58.851814 -8.612461 688.799988
61.004929 -8.612461 688.799988
63.875748 -8.612461 688.799988
66.746567 -8.612461 688.799988
68.899689 -8.612461 688.799988
71.052795 -8.612461 688.799988
73.923615 -8.612461 688.799988
76.076736 -8.612461 688.799988
78.229851 -8.612461 688.799988
81.100670 -8.612461 688.799988
83.971489 -8.612461 688.799988
86.124603 -8.612461 688.799988
88.277718 -8.612461 688.799988
91.148544 -8.612461 688.799988
94.019363 -8.612461 688.799988
96.172478 -8.612461 688.799988
98.325592 -8.612461 688.799988
101.196411 -8.612461 688.799988
104.067230 -8.612461 688.799988
106.220345 -8.612461 688.799988
108.373451 -8.612461 688.799988
111.244278 -8.612461 688.799988
114.115105 -8.612461 688.799988
116.268219 -8.612461 688.799988
118.421333 -8.612461 688.799988
121.292152 -8.612461 688.799988
124.162971 -8.612461 688.799988
126.316078 -8.612461 688.799988
128.469208 -8.612461 688.799988
131.340027 -8.612461 688.799988
134.210846 -8.612461 688.799988
136.363968 -8.612461 688.799988
138.517090 -8.612461 688.799988
141.387909 -8.612461 688.799988
144.258698 -8.612461 688.799988
146.411819 -8.612461 688.799988
148.564941 -8.612461 688.799988
151.435760 -8.612461 688.799988
153.588882 -8.612461 688.799988
155.742004 -8.612461 688.799988
158.612823 -8.612461 688.799988
161.483643 -8.612461 688.799988
163.636749 -8.612461 688.799988
165.789856 -8.612461 688.799988
168.660675 -8.612461 688.799988
171.531494 -8.612461 688.799988
173.684616 -8.612461 688.799988
175.837738 -8.612461 688.799988
178.708557 -8.612461 688.799988
181.579376 -8.612461 688.799988
183.732498 -8.612461 688.799988
185.885620 -8.612461 688.799988
46.650829 -6.459346 688.799988
48.803944 -6.459346 688.799988
50.957058 -6.459345 688.799988
53.827877 -6.459346 688.799988
56.698700 -6.459346 688.799988
58.851814 -6.459346 688.799988
61.004929 -6.459345 688.799988
63.875748 -6.459346 688.799988
66.746567 -6.459345 688.799988
68.899689 -7.177051 688.799988
71.052795 -7.177051 688.799988
73.923615 -6.459345 688.799988
76.076736 -6.459346 688.799988
78.229851 -6.459346 688.799988
81.100670 -6.459345 688.799988
83.971489 -6.459345 688.799988
86.124603 -6.459346 688.799988
88.277710 -6.459345 688.799988
91.148537 -6.459346 688.799988
94.019363 -6.459345 688.799988
96.172478 -6.459346 688.799988
98.325592 -6.459345 688.799988
101.196411 -6.459346 688.799988
104.067230 -6.459345 688.799988
106.220345 -6.459346 688.799988
108.373451 -6.459345 688.799988
111.244278 -6.459345 688.799988
114.115112 -6.459345 688.799988
116.268219 -6.459346 688.799988
118.421333 -6.459346 688.799988
121.292152 -6.459346 688.799988
124.162971 -6.459345 688.799988
126.316078 -6.459346 688.799988
128.469208 -6.459345 688.799988
131.340027 -6.459345 688.799988
134.210846 -6.459345 688.799988
136.363968 -6.459346 688.799988
138.517090 -6.459346 688.799988
141.387894 -6.459345 688.799988
144.258698 -6.459346 688.799988
146.411819 -6.459346 688.799988
148.564941 -6.459345 688.799988
151.435760 -6.459346 688.799988
153.588882 -6.459346 688.799988
155.742004 -6.459346 688.799988
158.612823 -6.459346 688.799988
161.483643 -6.459345 688.799988
163.636749 -6.459346 688.799988
165.789856 -6.459346 688.799988
168.660675 -6.459346 688.799988
171.531494 -6.459346 688.799988
173.684616 -6.459346 688.799988
175.837738 -6.459345 688.799988
178.708557 -6.459345 688.799988
181.579376 -6.459345 688.799988
183.732498 -6.459346 688.799988
185.885620 -6.459345 688.799988
48.803944 -4.306231 688.799988
50.957058 -3.588525 688.799988
53.827873 -3.588525 688.799988
56.698700 -3.588525 688.799988
58.851814 -3.588525 688.799988
61.004929 -3.588525 688.799988
63.158039 -3.588525 688.799988
67.464279 -2.870820 688.799988
71.052795 -3.588525 688.799988
73.923615 -3.588525 688.799988
76.076736 -3.588525 688.799988
78.229851 -3.588525 688.799988
81.100670 -3.588525 688.799988
83.971489 -3.588525 688.799988
86.124603 -3.588525 688.799988
88.277710 -3.588525 688.799988
91.148537 -3.588525 688.799988
94.019363 -3.588525 688.799988
96.172478 -3.588525 688.799988
98.325592 -3.588525 688.799988
101.196411 -3.588525 688.799988
104.067230 -3.588525 688.799988
106.220345 -3.588525 688.799988
108.373451 -3.588525 688.799988
111.244270 -3.588525 688.799988
114.115105 -3.588525 688.799988
116.268219 -3.588525 688.799988
118.421326 -3.588525 688.799988
121.052917 -3.827760 688.799988
124.162971 -3.588525 688.799988
126.316078 -3.588525 688.799988
128.469208 -3.588525 688.799988
131.340027 -3.588525 688.799988
134.210846 -3.588525 688.799988
136.363968 -3.588525 688.799988
138.517090 -3.588525 688.799988
141.387909 -3.588525 688.799988
144.258698 -3.588525 688.799988
146.411819 -3.588525 688.799988
148.564941 -3.588525 688.799988
151.435760 -3.588525 688.799988
153.588882 -3.588525 688.799988
155.742004 -3.588525 688.799988
158.612823 -3.588525 688.799988
161.483643 -3.588525 688.799988
163.636749 -3.588525 688.799988
165.789856 -3.588525 688.799988
168.660675 -3.588525 688.799988
171.531494 -3.588525 688.799988
173.684616 -3.588525 688.799988
175.837738 -3.588525 688.799988
178.708557 -3.588525 688.799988
181.579361 -3.588525 688.799988
183.732498 -3.588525 688.799988
185.885620 -3.588525 688.799988
51.674763 -1.435410 688.799988
53.827873 -1.435410 688.799988
56.698700 -1.435410 688.799988
58.851814 -1.435410 688.799988
61.004929 -1.435410 688.799988
63.158039 -1.435410 688.799988
73.923615 -1.435410 688.799988
76.076736 -1.435410 688.799988
78.229851 -1.435410 688.799988
81.100670 -1.435410 688.799988
83.971489 -1.435410 688.799988
86.124603 -1.435410 688.799988
88.277718 -1.435410 688.799988
91.148544 -1.435410 688.799988
94.019363 -1.435410 688.799988
96.172478 -1.435410 688.799988
98.325592 -1.435410 688.799988
100.478706 -1.435410 688.799988
106.220345 -1.435410 688.799988
108.373451 -1.435410 688.799988
111.244278 -1.435410 688.799988
114.115105 -1.435410 688.799988
116.268219 -1.435410 688.799988
118.421333 -1.435410 688.799988
120.574448 -1.435410 688.799988
124.162971 -1.435410 688.799988
126.316078 -1.435410 688.799988
128.469208 -1.435410 688.799988
131.340027 -1.435410 688.799988
134.210846 -1.435410 688.799988
136.363968 -1.435410 688.799988
138.517090 -1.435410 688.799988
141.387909 -1.435410 688.799988
144.258698 -1.435410 688.799988
146.411819 -1.435410 688.799988
148.564941 -1.435410 688.799988
151.435760 -1.435410 688.799988
153.588882 -1.435410 688.799988
155.742004 -1.435410 688.799988
158.612823 -1.435410 688.799988
161.483643 -1.435410 688.799988
163.636749 -1.435410 688.799988
165.789856 -1.435410 688.799988
168.660675 -1.435410 688.799988
171.531494 -1.435410 688.799988
173.684616 -1.435410 688.799988
175.837738 -1.435410 688.799988
178.708557 -1.435410 688.799988
181.579376 -1.435410 688.799988
183.732498 -1.435410 688.799988
185.885620 -1.435410 688.799988
51.674763 -0.000000 688.799988
53.827873 0.717705 688.799988
56.698700 0.717705 688.799988
58.851814 0.717705 688.799988
61.004929 0.717705 688.799988
63.158039 0.717705 688.799988
71.770500 -0.000000 688.799988
73.923615 0.717705 688.799988
76.076736 0.717705 688.799988
78.229851 0.717705 688.799988
81.100670 0.717705 688.799988
83.971489 0.717705 688.799988
86.124603 0.717705 688.799988
88.277718 0.717705 688.799988
91.148537 0.717705 688.799988
94.019363 0.717705 688.799988
96.172478 0.717705 688.799988
97.607887 0.717705 688.799988
104.784935 0.717705 688.799988
106.220345 0.717705 688.799988
108.373459 0.717705 688.799988
111.244270 0.717705 688.799988
114.115112 0.717705 688.799988
116.268219 0.717705 688.799988
118.421333 0.717705 688.799988
121.052917 0.956940 688.799988
124.162971 0.717705 688.799988
126.316078 0.717705 688.799988
128.469208 0.717705 688.799988
131.340027 0.717705 688.799988
134.210846 0.717705 688.799988
136.363968 0.717705 688.799988
138.517090 0.717705 688.799988
141.387909 0.717705 688.799988
144.258698 0.717705 688.799988
146.411819 0.717705 688.799988
148.564941 0.717705 688.799988
151.435760 0.717705 688.799988
153.588882 -0.000000 688.799988
155.742004 -0.000000 688.799988
158.612823 -0.000000 688.799988
161.483643 -0.000000 688.799988
163.636749 -0.000000 688.799988
165.789856 -0.000000 688.799988
168.660675 -0.000000 688.799988
171.531494 -0.000000 688.799988
173.684616 -0.000000 688.799988
175.837738 -0.000000 688.799988
178.708557 -0.000000 688.799988
181.579361 0.717705 688.799988
183.732498 0.717705 688.799988
185.885620 0.717705 688.799988
53.110172 3.588525 688.799988
57.416405 2.870820 688.799988
58.851814 3.588525 688.799988
60.287224 2.870820 688.799988
76.076736 2.870820 688.799988
78.229851 3.588525 688.799988
81.100670 3.588525 688.799988
83.971489 3.588525 688.799988
86.124603 3.588525 688.799988
88.277710 3.588525 688.799988
91.148544 3.588525 688.799988
94.019363 3.588525 688.799988
96.172478 3.588525 688.799988
98.325592 3.588525 688.799988
101.196411 4.306231 688.799988
104.067230 3.588525 688.799988
106.220345 3.588525 688.799988
108.373451 3.588525 688.799988
111.244270 3.588525 688.799988
114.115112 3.588525 688.799988
116.268219 3.588525 688.799988
118.421326 3.588525 688.799988
121.052917 3.827760 688.799988
124.162971 3.588525 688.799988
126.316078 3.588525 688.799988
128.469208 3.588525 688.799988
131.340027 3.588525 688.799988
134.210846 3.588525 688.799988
136.363968 3.588525 688.799988
138.517090 3.588525 688.799988
141.387909 3.588525 688.799988
144.258698 3.588525 688.799988
146.411819 3.588525 688.799988
148.564941 3.588525 688.799988
151.435760 2.870820 688.799988
73.923615 7.177051 688.799988
78.229851 6.459345 688.799988
81.100670 6.459345 688.799988
83.971489 6.459345 688.799988
86.124603 6.459346 688.799988
88.277718 6.459345 688.799988
91.148537 6.459346 688.799988
94.019363 6.459346 688.799988
96.172478 6.459346 688.799988
98.325592 6.459345 688.799988
104.784935 5.741641 688.799988
106.220345 5.741641 688.799988
108.373451 6.459345 688.799988
111.244278 6.459346 688.799988
114.115112 6.459345 688.799988
116.268219 6.459346 688.799988
118.421333 6.459345 688.799988
121.292160 6.459346 688.799988
124.162971 6.459346 688.799988
126.316078 6.459346 688.799988
128.469208 6.459345 688.799988
131.340027 6.459345 688.799988
134.210846 6.459345 688.799988
136.363968 6.459346 688.799988
138.517090 6.459346 688.799988
141.387909 6.459346 688.799988
144.258698 6.459346 688.799988
146.411819 6.459346 688.799988
147.847229 6.459346 688.799988
73.923615 8.612461 688.799988
76.076736 8.612461 688.799988
78.229851 8.612461 688.799988
81.100670 8.612461 688.799988
83.971489 8.612461 688.799988
86.124603 8.612461 688.799988
88.277718 8.612461 688.799988
91.148544 8.612461 688.799988
94.019363 8.612461 688.799988
96.172478 8.612461 688.799988
98.325592 8.612461 688.799988
100.478706 8.612461 688.799988
108.373451 8.612461 688.799988
111.244278 8.612461 688.799988
114.115105 8.612461 688.799988
116.268219 8.612461 688.799988
118.421333 8.612461 688.799988
121.292152 8.612461 688.799988
124.162971 8.612461 688.799988
126.316078 8.612461 688.799988
128.469208 8.612461 688.799988
131.340027 8.612461 688.799988
134.210846 8.612461 688.799988
136.363968 8.612461 688.799988
138.517090 8.612461 688.799988
141.387909 8.612461 688.799988
144.258698 8.612461 688.799988
73.923615 10.047871 688.799988
78.469086 10.526340 688.799988
81.100670 10.765575 688.799988
83.971489 10.765575 688.799988
86.124603 10.765575 688.799988
88.277710 10.765575 688.799988
91.148537 10.765575 688.799988
94.019363 10.765575 688.799988
96.172478 10.765575 688.799988
98.325592 10.765575 688.799988
101.196411 10.765576 688.799988
104.067230 10.765576 688.799988
106.220345 10.765575 688.799988
108.373459 10.765575 688.799988
111.244278 10.765576 688.799988
114.115112 10.765575 688.799988
116.268219 10.765575 688.799988
118.421333 10.765575 688.799988
121.292160 10.765575 688.799988
124.162971 10.765575 688.799988
126.316078 10.765575 688.799988
128.469208 10.765576 688.799988
131.340027 10.765576 688.799988
134.210846 10.765576 688.799988
136.363968 10.765575 688.799988
78.469086 13.875631 688.799988
81.100670 13.636396 688.799988
83.971489 13.636396 688.799988
86.124603 13.636396 688.799988
88.277718 13.636396 688.799988
91.148537 13.636396 688.799988
94.019363 13.636395 688.799988
96.172478 13.636396 688.799988
98.325592 13.636396 688.799988
101.196411 13.636395 688.799988
104.067230 13.636396 688.799988
106.220345 13.636396 688.799988
108.373451 13.636396 688.799988
111.244278 13.636396 688.799988
114.115105 13.636396 688.799988
116.268219 13.636396 688.799988
118.421326 13.636396 688.799988
121.292160 13.636396 688.799988
124.162971 13.636395 688.799988
126.316078 13.636396 688.799988
128.469208 13.636396 688.799988
131.340027 13.636395 688.799988
134.210846 13.636395 688.799988
136.363968 13.636396 688.799988
76.076736 16.507215 688.799988
78.229851 16.507215 688.799988
81.100670 16.507215 688.799988
83.971489 16.507215 688.799988
86.124603 16.507215 688.799988
88.277718 16.507215 688.799988
91.148537 16.507215 688.799988
94.019363 16.507215 688.799988
96.172478 16.507215 688.799988
98.325592 16.507215 688.799988
101.196411 16.507215 688.799988
104.067230 16.507215 688.799988
106.220345 16.507215 688.799988
108.373451 16.507215 688.799988
111.244270 16.507215 688.799988
114.115112 16.507215 688.799988
116.268219 16.507215 688.799988
118.421326 16.507215 688.799988
121.292152 16.507215 688.799988
124.162971 16.507215 688.799988
126.316078 16.507215 688.799988
128.469208 16.507215 688.799988
131.340027 16.507215 688.799988
134.210846 16.507215 688.799988
136.363968 16.507215 688.799988
78.229851 18.660330 688.799988
81.100670 18.660330 688.799988
83.971489 18.660330 688.799988
86.124603 18.660330 688.799988
88.277718 18.660330 688.799988
91.148544 18.660330 688.799988
94.019363 18.660330 688.799988
96.172478 18.660330 688.799988
98.325592 18.660330 688.799988
101.196411 18.660330 688.799988
104.067230 18.660330 688.799988
106.220345 18.660330 688.799988
108.373451 18.660330 688.799988
111.244278 18.660330 688.799988
114.115105 18.660330 688.799988
116.268219 18.660330 688.799988
118.421333 18.660330 688.799988
121.292152 18.660330 688.799988
124.162971 18.660330 688.799988
126.316078 18.660330 688.799988
128.469208 18.660330 688.799988
131.340027 18.660330 688.799988
134.210846 18.660330 688.799988
136.363968 18.660330 688.799988
78.469086 20.574211 688.799988
81.100670 20.813446 688.799988
83.971489 20.813446 688.799988
86.124603 20.813446 688.799988
88.038483 20.574211 688.799988
91.148537 20.813446 688.799988
94.019363 20.813446 688.799988
96.172478 20.095741 688.799988
98.325592 20.813446 688.799988
101.196411 20.813446 688.799988
104.067230 20.813446 688.799988
106.220345 20.813446 688.799988
108.373459 20.813446 688.799988
111.244278 20.813446 688.799988
114.115105 20.813446 688.799988
116.268219 20.813446 688.799988
118.421326 20.813446 688.799988
121.292152 20.813446 688.799988
124.162971 20.813446 688.799988
126.316078 20.813446 688.799988
128.469208 20.813446 688.799988
131.340027 20.813446 688.799988
134.210846 20.813446 688.799988
136.363968 20.813446 688.799988
81.818375 22.966562 688.799988
83.253784 22.966562 688.799988
91.866249 23.684267 688.799988
94.019363 23.684267 688.799988
98.325592 23.684267 688.799988
101.196411 23.684267 688.799988
104.067230 23.684267 688.799988
106.220345 23.684267 688.799988
108.373451 23.684267 688.799988
111.244278 23.684267 688.799988
114.115112 23.684267 688.799988
116.268219 23.684267 688.799988
118.421326 23.684267 688.799988
121.292160 23.684267 688.799988
124.162971 23.684267 688.799988
126.316078 23.684267 688.799988
128.469208 23.684267 688.799988
131.340027 23.684267 688.799988
134.210846 23.684267 688.799988
136.363968 23.684267 688.799988
83.971489 27.272789 688.799988
88.277718 27.272789 688.799988
91.387779 26.794319 688.799988
94.019363 26.555084 688.799988
96.172478 27.272789 688.799988
98.564835 26.315849 688.799988
101.196411 26.555084 688.799988
104.067230 26.555084 688.799988
106.220345 26.555084 688.799988
108.373459 26.555086 688.799988
111.244278 26.555084 688.799988
114.115105 26.555084 688.799988
116.268219 26.555084 688.799988
118.421326 26.555084 688.799988
121.292152 26.555084 688.799988
124.162971 26.555086 688.799988
126.316078 26.555084 688.799988
128.469208 26.555086 688.799988
131.340027 26.555084 688.799988
134.210861 26.555084 688.799988
81.818375 28.708202 688.799988
83.253784 28.708202 688.799988
86.124603 28.708202 688.799988
88.277718 28.708202 688.799988
91.148544 28.708202 688.799988
94.019363 28.708202 688.799988
96.172478 28.708202 688.799988
99.043297 28.708202 688.799988
101.196411 28.708202 688.799988
104.067230 28.708202 688.799988
106.220345 28.708202 688.799988
108.373451 28.708202 688.799988
111.244278 28.708202 688.799988
114.115105 28.708202 688.799988
116.268219 28.708202 688.799988
118.421333 28.708202 688.799988
121.292152 28.708202 688.799988
124.162971 28.708202 688.799988
126.316078 28.708202 688.799988
128.469208 28.708202 688.799988
131.340027 28.708202 688.799988
134.210846 28.708202 688.799988
81.818375 30.861317 688.799988
83.971489 30.861317 688.799988
86.124603 30.861317 688.799988
88.277718 30.861317 688.799988
91.148537 30.861317 688.799988
94.019363 30.861315 688.799988
96.172478 30.861317 688.799988
98.325592 30.861315 688.799988
101.196411 30.861317 688.799988
104.067230 30.861317 688.799988
106.220345 30.861317 688.799988
108.373451 30.861317 688.799988
111.244278 30.861317 688.799988
114.115105 30.861315 688.799988
116.268219 30.861317 688.799988
118.421333 30.861317 688.799988
121.292152 30.861317 688.799988
124.162971 30.861315 688.799988
126.316078 30.861317 688.799988
128.469208 30.861315 688.799988
131.100800 30.622082 688.799988
81.818375 33.732140 688.799988
83.971489 33.732140 688.799988
86.124603 33.732140 688.799988
88.277718 33.732140 688.799988
91.148537 33.732140 688.799988
94.019363 33.732140 688.799988
96.172478 33.732140 688.799988
98.325592 33.014431 688.799988
101.196411 33.014431 688.799988
104.306473 33.492905 688.799988
106.220345 33.014431 688.799988
108.612694 33.492905 688.799988
111.005051 33.492905 688.799988
81.100670 36.602955 688.799988
83.971489 36.602955 688.799988
86.124603 36.602955 688.799988
88.277710 36.602955 688.799988
91.148537 36.602955 688.799988
94.258598 36.842190 688.799988
96.172478 37.320660 688.799988
104.784935 36.602955 688.799988
109.091156 36.602955 688.799988
110.526566 36.602955 688.799988
81.818375 38.756073 688.799988
83.971489 38.756073 688.799988
86.124603 38.756073 688.799988
88.277718 38.756073 688.799988
91.148544 38.756073 688.799988
94.737068 38.756073 688.799988
104.784935 38.756073 688.799988
108.373451 38.756073 688.799988
111.244278 38.756073 688.799988
78.947556 41.626892 688.799988
81.100670 40.909187 688.799988
83.971489 40.909187 688.799988
86.124603 40.191483 688.799988
88.277718 40.191483 688.799988
91.148544 40.191483 688.799988
94.737068 40.191483 688.799988
104.784935 40.191483 688.799988
109.091156 40.191483 688.799988
110.526566 40.191483 688.799988
78.947556 43.062302 688.799988
81.100670 43.780006 688.799988
83.971489 43.780006 688.799988
81.100670 46.650829 688.799988
83.971489 46.650829 688.799988
80.382965 48.803944 688.799988
84.689194 48.803944 688.799988
179.426254 54.545578 688.799988
181.579376 54.545578 688.799988
183.732498 54.545578 688.799988
175.837738 57.416405 688.799988
178.708557 56.698700 688.799988
181.579361 56.698696 688.799988
183.732498 57.416405 688.799988
178.708557 58.851814 688.799988
181.579376 58.851814 688.799988
183.732498 58.851814 688.799988
181.579376 60.287224 688.799988
