27.088854 2.820354 62.752090
27.023605 2.710094 62.743732
27.069017 2.864516 62.752045
27.041210 2.474128 62.752808
26.887192 2.914076 62.733894
26.990747 2.689116 62.731430
26.999987 2.837889 62.745857
27.755589 3.434063 65.193909
28.768713 3.863457 67.592392
28.711020 3.818923 67.686111
26.797277 3.002597 62.721592
29.219418 4.435302 69.226158
27.388916 3.330046 64.414986
30.285603 5.073788 72.553719
28.144175 3.516799 66.047356
29.676132 4.627516 70.680962
27.810993 3.331721 65.271431
26.984602 2.699060 62.733894
29.228779 4.220348 69.404495
26.880474 2.530410 62.694370
29.202822 4.371063 69.182068
27.098631 3.087734 63.548023
26.951641 2.744626 62.717144
28.941120 4.171352 68.314514
26.921618 2.708010 62.722378
28.119951 3.625875 66.000000
26.966330 2.840034 62.720993
30.285889 5.099886 72.371277
26.865116 2.961254 62.700565
29.252476 4.387402 69.320335
29.636229 4.687946 70.756828
27.098124 2.645444 62.743168
26.696045 2.962239 62.687317
28.190189 3.556646 66.056023
29.624180 4.871150 70.876373
29.294403 4.296317 69.261711
28.644239 4.099876 67.789177
26.793550 3.060379 62.688046
28.619226 4.132201 67.598900
28.043394 3.620930 66.120346
27.552048 3.297949 64.363640
27.752476 3.466188 65.151932
28.533390 3.959717 67.606651
27.098763 2.715741 62.726521
27.030994 2.990507 62.705235
28.990492 3.984979 68.520889
38.384300 -0.209033 86.641975
27.066319 2.776435 62.731709
29.280975 4.190445 69.276245
29.970697 4.491097 70.669334
27.120144 2.833559 62.725544
29.078783 3.918926 68.330643
40.802914 1.132630 93.210144
27.137152 2.576159 62.737705
32.055012 1.198206 73.440544
29.311121 4.248620 69.276245
29.912174 4.750857 70.683647
27.436054 2.897686 63.544960
26.923937 2.810242 62.715908
28.595905 4.163354 67.622589
27.615265 3.356967 64.360107
26.890772 2.692896 62.723648
27.068155 2.811843 62.729282
26.898455 2.733158 62.724430
27.056082 2.841165 62.710674
27.347195 2.999342 63.556496
27.362690 3.082278 63.536930
26.992563 2.564946 62.732239
28.190418 3.530504 65.964767
29.411257 4.114265 69.170273
26.982038 2.970502 62.709400
27.468729 3.274756 64.357544
27.150564 2.646061 62.729282
26.967014 2.922777 62.709038
30.098011 4.838017 71.566399
26.834517 2.847310 62.720798
26.936995 2.728115 62.724236
28.137756 3.693722 66.042137
31.208097 5.433171 74.671120
28.427359 3.657697 66.860336
26.934097 2.817189 62.713497
29.940874 4.406909 70.873970
28.976925 3.944804 68.504158
26.823696 2.785198 62.739494
26.946857 2.730416 62.720341
26.908182 2.730536 62.729805
27.067923 2.650918 62.716667
27.736773 3.381084 65.148758
27.531431 2.854983 64.357338
30.295372 4.736750 72.132629
30.501125 5.324201 73.553368
30.328329 5.084941 72.388588
28.051327 3.542572 66.135841
27.781841 3.477768 65.252151
27.802332 3.291064 65.250000
29.461418 4.567774 70.366760
29.182566 4.420042 69.305557
29.138697 4.047824 69.234810
27.686535 3.019861 65.133331
26.926235 2.626479 62.662048
28.253099 3.666045 66.920227
26.943247 2.774342 62.710674
26.846512 2.851439 62.694050
31.652311 5.977943 76.482292
30.326349 4.915182 72.510986
30.835175 5.552443 74.081970
30.023703 4.897910 71.737572
29.695456 4.674994 70.966759
29.983208 5.142376 71.829613
27.709324 3.264325 65.202278
28.846247 4.049426 68.532211
29.442680 4.591062 70.119446
31.814238 4.114465 75.590126
29.498159 4.652641 70.184875
30.122063 5.258336 72.623955
26.762444 2.873017 62.692089
26.791531 2.971416 62.680912
31.037828 2.764611 72.831955
26.649902 2.636729 62.679192
26.813593 2.936020 62.696533
26.902193 3.020401 62.682858
29.132738 4.332193 69.121620
28.909861 3.871720 68.557426
26.852880 2.708333 62.698059
27.268061 2.417490 63.420486
29.146008 4.468028 69.488571
26.700258 2.954157 62.675438
26.872137 2.600657 62.697739
28.252823 3.805688 66.791206
28.545477 3.878158 67.628807
27.847282 3.563627 65.197182
28.735239 3.711269 67.714287
30.307539 5.111029 72.595566
26.735153 2.646458 62.687325
30.358917 4.839444 72.574585
28.351437 3.557174 66.881691
27.011475 2.714482 62.722221
26.859171 2.957695 62.700001
27.845104 3.391698 65.153847
29.162012 4.427980 69.492836
30.175617 4.780030 72.000000
29.227276 4.452361 69.179840
26.912237 2.601157 62.718159
26.755720 3.096722 62.694214
27.336779 3.222920 64.417389
26.888823 2.650864 62.723942
26.946800 2.816493 62.716763
29.741596 4.746071 70.895317
27.713326 3.361405 65.185593
29.522747 4.287076 70.107735
26.892841 2.793715 62.702248
26.888559 2.872289 62.702549
27.755459 3.275879 65.217514
26.888733 2.863065 62.693409
26.790348 3.015718 62.694286
29.143322 4.240981 69.524353
26.822021 3.019490 62.702549
33.192394 6.794512 80.710526
29.190809 4.449232 69.267960
29.530746 4.481551 70.013664
26.697210 2.902980 62.689758
27.969950 3.458931 66.002762
28.103081 3.877001 66.757576
27.645176 3.382106 65.127716
26.897799 2.943533 62.709591
26.940054 2.810644 62.706043
26.769938 2.902568 62.704872
26.878607 2.781446 62.714680
26.894831 2.887819 62.715069
26.810400 2.869193 62.700001
29.214838 4.375170 69.146339
28.028860 3.601462 65.890663
27.101442 3.047241 63.525280
26.759090 2.963332 62.700565
31.042486 5.500916 74.762161
30.555902 5.268159 73.029411
26.833246 3.068260 62.702778
26.845039 2.853556 62.681820
26.987083 2.990073 62.692097
26.824097 2.886562 62.684971
28.213724 3.963028 66.703506
26.730669 3.013925 62.671471
26.987143 2.752203 62.730980
26.810749 2.931431 62.693821
27.090527 3.266158 63.512676
27.652981 3.464556 65.196632
29.134844 4.270938 68.921669
29.658031 4.711994 70.506561
32.805466 7.049484 80.034485
26.887619 2.889407 62.685081
29.065029 4.554659 69.194519
28.555765 4.087390 67.571037
28.321379 3.931040 66.736412
26.734364 3.016189 62.688202
29.025379 4.552938 69.132790
26.703915 2.942829 62.684814
26.893291 2.704517 62.531414
28.457272 4.088124 67.521858
28.157040 3.301148 65.727516
29.639183 4.599640 70.680962
28.307138 4.087998 66.696480
31.121861 5.646470 75.143982
28.755898 3.886705 67.869896
30.956850 5.731778 74.748634
27.208986 2.487776 63.349335
28.534380 4.163956 67.696632
28.456352 3.674060 67.336929
26.892483 2.926252 62.695889
26.996168 2.674920 62.608109
29.974518 5.090318 71.654793
30.672789 5.435163 74.002716
26.790293 2.813463 62.706703
28.694153 4.164007 68.389503
26.681503 3.004847 62.682583
26.869329 3.055677 62.675751
26.830618 3.041842 62.698631
27.085789 2.998229 63.497192
28.209146 3.751575 66.708450
26.779234 2.647053 62.710812
29.030312 4.503974 69.034393
26.865650 2.720049 62.824001
27.368195 3.376355 64.310989
28.931576 3.955577 69.562347
25.432858 2.546396 61.485886
25.484745 2.525101 61.317719
25.599829 2.856195 61.381149
25.199749 2.449251 61.393215
25.394947 2.467710 61.666668
64.503914 29.647331 132.727600
22.575546 4.343783 68.682159
16.703020 6.408406 61.764645
15.686579 9.901286 72.474274
10.471770 7.960289 63.965355
8.632069 6.858479 61.097561
8.499561 7.210690 61.563667
7.598889 6.992810 61.251003
7.136987 7.021913 61.538460
7.060439 7.238511 61.523697
17.338797 18.065832 90.237747
3.337511 2.823400 61.872910
3.641847 2.534708 62.104145
3.381371 2.897485 61.908787
3.530720 2.610363 62.030407
3.430637 2.695640 61.947250
3.629251 2.725847 62.121758
3.345072 2.692870 61.895947
3.523902 2.782067 62.016594
3.305413 2.885600 61.891567
3.675885 2.765511 62.133629
3.394964 2.728358 61.934444
3.311146 2.380112 61.871853
3.333167 2.583794 61.888275
3.298033 2.716462 61.837776
3.443053 2.612569 61.939426
3.419713 2.650918 61.957237
3.457284 2.745281 61.982162
3.228254 2.660104 61.828041
3.541614 2.634247 62.055195
3.429251 2.645168 61.996742
5.567638 5.129794 67.036995
7.162504 7.874270 63.315491
8.654043 8.849881 64.197426
8.035251 7.584371 63.159664
7.942399 7.140886 62.579491
8.408544 7.226661 62.401764
9.135836 7.502058 61.412312
9.358253 7.490815 60.771610
8.718745 6.980075 60.568123
8.800872 7.486700 60.422161
11.376506 10.132679 66.191475
10.021954 6.797997 80.416664
6.721914 4.469916 70.063049
7.327132 4.982794 72.080246
10.561703 7.316210 82.127380
6.679675 4.689162 70.071068
7.169112 4.800595 71.697762
9.750007 6.574643 79.491608
8.804063 6.095061 76.614632
6.254187 4.416808 69.268509
7.613223 5.121292 72.508034
9.929966 6.826560 79.881927
5.490125 3.681569 66.706398
5.963534 4.221529 68.283524
6.231118 4.383724 69.021629
6.952712 4.651202 70.951675
6.319815 3.829211 68.211372
8.336658 3.338070 77.986649
7.090537 5.010327 71.786247
7.596424 5.363501 73.466095
7.568774 5.630363 74.213661
9.255278 6.411833 78.048958
6.810482 4.734858 70.680397
6.045858 4.324653 68.696541
7.987863 5.202456 74.014473
6.536179 4.499783 70.030342
7.807857 5.439714 73.574997
8.995355 6.117409 77.025833
7.153870 4.836420 71.414055
7.045890 4.794014 71.428932
10.995809 7.507873 83.248207
7.265542 4.813666 71.599258
6.077106 4.068355 67.919540
9.007160 6.122469 76.880051
9.231011 6.259249 77.759415
6.541004 4.435704 69.610550
8.480687 5.838434 76.016029
9.344090 6.235076 78.075241
5.627328 3.803363 67.170052
6.013557 4.068970 67.935028
8.000112 5.556669 74.344139
6.466990 4.443204 69.282112
7.322707 5.062988 72.137672
9.739349 6.886493 79.899261
5.551093 3.594648 66.636017
7.250165 4.985888 72.162910
10.778901 7.425856 82.544693
7.922347 5.476987 74.221405
8.721941 6.217021 76.916771
8.109887 5.673842 74.655518
5.250267 3.701712 66.016396
8.547546 5.944402 75.812729
8.658952 5.984499 76.236252
6.554558 4.509353 69.739243
7.430753 5.122500 72.851486
7.154164 4.429667 71.305969
5.271814 3.495965 66.007607
9.426684 6.494637 78.484261
6.042226 3.990706 67.863983
6.921723 4.614476 70.542961
9.943846 6.849337 80.220482
7.083976 4.834341 71.476189
5.666518 3.858292 67.179260
5.135269 3.614260 65.779945
8.708718 6.056668 76.755554
8.355403 5.733600 75.353958
5.258267 3.550517 66.098465
6.760535 4.643658 70.761902
8.013024 5.528368 74.457970
6.953415 4.835628 70.895805
7.300852 4.993175 71.969582
6.383466 4.383010 69.353615
7.476428 5.203932 72.919258
13.142306 9.224090 90.180214
12.070820 8.494797 87.353645
13.450503 9.108446 90.798820
13.585286 9.387671 91.000000
13.360229 9.276493 90.436020
14.165109 9.879717 93.314621
12.537622 8.639660 87.764915
14.063921 9.890015 93.246796
14.067808 9.907930 93.133728
12.648277 8.845381 88.640045
13.232018 9.314123 90.669037
13.896763 9.827043 92.725418
13.624969 9.501476 91.232506
13.248423 9.357388 90.806412
13.491980 9.509153 91.440140
13.201181 8.953624 89.712616
12.690292 9.001854 89.057716
12.778332 8.996053 89.198807
12.687044 8.926842 89.002350
13.241438 9.076241 90.559067
11.837921 8.267308 86.213348
14.686750 10.118177 94.946159
7.178069 4.995343 71.844894
5.251650 3.499792 65.569603
8.246151 5.709990 74.959106
5.487107 3.728884 66.448013
6.235869 4.136672 68.561867
6.058323 4.123740 68.222504
6.387825 4.318002 69.320251
6.792043 4.550093 70.333336
8.730983 6.077902 76.425720
8.252131 5.694455 75.031021
6.796319 4.618571 70.323715
8.971550 6.214581 77.031982
7.240918 4.935860 71.837936
9.297729 6.330522 78.043953
7.506982 5.031841 72.510582
7.751895 5.354684 73.874222
8.435610 5.756296 75.606171
6.769487 4.451720 69.847878
9.459253 6.615005 78.661781
7.599533 4.912467 72.312424
8.672522 5.956584 76.315269
6.823946 4.579705 70.730003
5.098358 3.527100 65.695763
8.459807 5.912664 75.983894
11.501964 7.851949 84.661919
7.345266 4.943090 72.254852
4.242534 2.808355 63.105465
8.402070 5.816189 75.905983
7.386024 4.948599 72.397293
9.841319 6.777319 79.960190
8.407921 5.793934 75.897438
7.160695 4.884563 71.842430
8.477414 5.574201 75.132607
9.021789 3.987560 78.972717
8.466294 5.848285 75.932518
8.666939 5.795794 76.243011
7.950264 5.348666 74.067070
7.476599 4.851779 72.228989
6.516232 4.299145 69.590286
6.953600 4.511193 70.932182
6.206998 4.205174 69.267838
8.001893 5.470215 74.594330
8.325460 5.645952 75.368355
7.165607 4.953843 71.805489
5.681929 3.766500 67.126259
6.675402 4.589477 70.170883
6.106280 4.124329 68.179649
6.818216 4.769480 70.781837
5.658895 3.812991 67.149231
7.121346 4.771022 71.292953
6.279093 4.305040 69.365143
4.319883 2.930514 63.109818
6.556257 4.460384 69.659950
6.420552 2.925031 69.836609
9.058045 6.227382 77.371750
6.088594 4.089197 68.240814
7.683712 5.259488 73.155281
6.507318 4.491313 69.356148
8.223378 5.627116 74.566460
9.196303 6.310606 77.649147
5.959096 4.048502 67.846153
6.566393 4.549638 69.635681
5.149658 3.518032 65.307297
7.190478 4.917972 71.730003
6.390784 4.292647 69.001259
6.928450 4.604462 70.390976
6.607212 4.551985 70.100380
9.091335 6.045240 76.926918
6.138335 4.099883 68.344826
7.228291 4.783037 71.502510
7.135301 4.808931 71.208069
6.238614 4.130962 68.625633
7.628348 5.253087 73.040047
7.362884 4.879604 72.106117
6.012960 4.114131 68.257980
6.619120 4.477539 69.780609
5.778173 3.930544 67.278496
7.131283 4.915237 71.335457
5.891498 4.096663 68.063141
5.734138 3.766837 66.848328
7.894797 5.381976 73.753456
7.320118 4.928454 72.123444
7.000362 4.725124 70.750626
6.941769 4.663176 70.444160
7.936961 5.376962 73.582611
7.604418 5.332710 73.001259
6.368717 4.383313 69.043312
7.519445 5.188341 72.640701
8.113633 5.453430 74.370186
6.146468 4.008461 67.986008
10.184875 6.900742 80.490822
6.569416 4.408807 69.360405
4.832711 3.166591 64.243523
6.838624 4.620488 70.145409
7.597969 5.141815 72.718079
7.632601 4.260216 71.675774
8.758707 6.469011 66.411568
10.185948 6.845161 62.249775
10.874770 6.618942 62.195930
11.422956 7.392792 61.536098
27.220537 11.188754 81.898949
28.573759 5.895545 80.874794
31.086290 6.139794 78.379234
30.383305 5.018732 74.708923
27.740700 3.137332 65.947365
28.216425 2.706818 66.429932
27.520929 2.036454 63.560974
26.990442 2.308509 63.157024
27.018587 2.291737 63.167122
30.550951 0.561613 73.638405
27.140158 2.963095 63.713467
29.518173 4.167097 70.162605
26.900871 2.785862 62.820652
26.971415 2.881042 62.797222
26.896015 2.831869 62.739254
26.761248 2.950350 62.722858
26.769159 2.723812 62.730556
26.928679 2.639935 62.740948
26.809576 2.864046 62.729576
26.933979 2.344398 62.695999
26.810354 2.836521 62.734245
27.591452 3.309711 65.192200
26.921692 2.873802 62.744064
26.867760 2.652138 62.752045
26.909578 3.011559 62.739132
26.866331 2.880482 62.757412
27.030994 2.828664 62.734806
26.924570 2.785828 62.770668
26.951057 2.809011 62.732239
26.950983 2.857952 62.729507
26.988504 2.869612 62.763927
27.102833 2.630245 62.760639
27.066347 2.823489 62.730556
27.042660 2.567758 62.756031
26.936140 2.733282 62.748009
27.030331 2.346137 62.661537
27.086039 2.778757 62.731709
27.042299 2.762954 62.738544
27.065851 2.848398 62.726521
26.922876 2.640362 62.650917
26.967731 2.691898 62.752022
27.001707 2.327968 62.567356
27.042614 2.661392 62.712738
26.892403 2.938210 62.723862
26.934237 2.964195 62.718231
26.970039 2.957553 62.730026
26.960144 2.780933 62.720669
27.094902 2.949761 62.714287
26.999622 2.893274 62.729729
26.855211 2.929609 62.725273
26.980797 2.720140 62.743385
26.835342 2.996385 62.717392
26.827543 2.882620 62.730026
27.001354 2.671419 62.742466
27.038942 2.760535 62.735695
26.987228 2.922192 62.722828
26.908628 2.734497 62.756165
26.927868 2.830021 62.756546
27.025764 2.660302 62.680305
28.281925 3.319241 66.397469
26.878824 2.892008 62.753967
26.982853 2.771042 62.750679
26.942404 2.869568 62.749325
27.126917 2.935618 62.743385
26.977608 2.708648 62.787014
26.913435 2.927264 62.755264
26.929029 2.994709 62.735294
26.935545 3.010473 62.754665
26.850136 2.970113 62.747253
26.807434 3.004692 62.748619
26.842218 2.859527 62.736263
26.859694 2.800969 62.759357
26.853779 2.782598 62.675823
26.855711 2.844488 62.763737
26.866592 2.837770 62.766754
26.979910 2.751438 62.748650
27.263878 3.151906 63.524323
26.930246 2.707113 62.735538
27.087751 2.823923 62.717808
26.733728 2.960311 62.721127
26.943188 2.997926 62.730667
26.970020 2.902769 62.728996
26.914217 2.904081 62.736412
26.929216 2.982729 62.731709
26.888411 2.851422 62.745903
26.881950 3.086780 62.720669
26.859760 2.904787 62.743095
26.922876 3.059933 62.725544
26.854900 3.059506 62.719780
26.854885 2.613213 62.597885
26.916912 2.950430 62.730335
26.982325 2.866059 62.752022
26.808628 2.940760 62.743935
26.949446 2.769880 62.745205
26.956575 2.803663 62.752716
26.894875 2.962590 62.736843
26.986685 2.980691 62.762665
26.929068 2.620709 62.770718
27.017216 2.848126 62.745945
26.923153 2.769962 62.741756
26.937447 2.718558 62.745205
26.858818 2.809405 62.749302
26.996912 2.442051 62.768597
26.949409 2.689866 62.745041
26.897144 2.705967 62.721264
27.127117 2.932739 62.741333
27.006464 2.670498 62.762161
27.010019 2.892570 62.732971
27.027067 2.646105 62.767761
27.065708 2.811336 62.739838
26.981720 2.778471 62.753426
28.033504 3.430709 65.970268
26.956388 2.831054 62.755375
27.003593 2.852236 62.745991
26.830019 2.688678 62.755554
26.939970 2.602629 62.747311
27.051214 2.787601 62.735695
26.985832 2.785797 62.744736
26.971561 2.946387 62.742466
26.907257 2.938225 62.747990
26.943857 2.822155 62.719345
27.050142 2.852962 62.747341
26.808683 2.781599 62.742298
26.853600 2.925846 62.765335
26.932600 2.861758 62.718422
26.937750 2.938397 62.730770
27.340530 2.720773 63.454544
26.908686 2.799527 62.777481
26.850964 2.865828 62.753349
26.984989 2.875914 62.750679
26.978462 2.713505 62.736111
26.855556 2.963994 62.767567
27.051289 2.846032 62.751350
26.907297 2.903540 62.758713
26.932472 2.785281 62.754719
26.895662 2.698254 62.778667
26.869255 2.721544 62.750000
26.831282 2.787699 62.735954
26.874289 2.933596 62.744625
27.253197 2.979846 63.509186
28.206423 3.666384 66.620964
26.949282 2.734368 62.745258
26.998781 2.969559 62.732620
26.898682 2.973908 62.742466
26.918203 2.859254 62.746593
26.764723 2.918874 62.750000
26.891272 2.765559 62.763588
32.073246 6.760397 71.424400
26.706505 3.001245 62.741665
26.896235 2.696452 62.723648
26.744444 2.654294 62.820728
28.801003 3.911983 68.735374
26.826832 2.363302 62.952114
26.830450 2.558372 62.950684
26.949879 2.684966 62.794445
27.701551 3.689655 65.159088
27.121653 2.829774 62.616665
29.801872 4.465611 70.772469
26.903721 2.719227 62.640804
26.911720 2.848432 62.610619
26.949936 2.709131 62.621468
26.930101 2.853614 62.595871
26.940786 2.769151 62.614037
27.032303 3.015228 62.603500
27.074207 2.624131 62.599407
27.142786 2.677159 62.624641
27.009666 2.741736 62.616959
27.083647 2.783227 62.637642
27.054394 2.501064 62.553074
26.805485 2.879516 62.622417
26.999844 2.812208 62.623562
26.985842 2.642044 62.656338
26.977814 2.681220 62.633522
26.790989 2.806446 62.630177
26.961145 2.952595 62.607449
27.005281 2.978217 62.621082
27.031622 2.527312 62.586113
27.052242 2.631257 62.632652
26.964138 2.375698 62.494564
27.080637 2.599435 62.555241
27.231739 3.026042 63.477013
27.011528 2.458767 62.474575
27.102100 2.884955 62.612904
27.018538 2.740688 62.612068
26.970396 2.825418 62.630371
27.031786 2.838339 62.633522
27.009819 2.926918 62.623188
26.955961 2.831409 62.616070
27.533823 3.213075 64.340057
26.997223 2.545496 62.557102
26.862080 2.826778 62.658119
27.101452 2.887336 62.608070
26.988935 2.690904 62.660870
27.161999 2.621917 62.644886
26.971285 2.750467 62.635326
27.008272 2.726644 62.657223
26.850845 2.491384 62.546219
27.042429 2.854988 62.621082
26.960340 2.639784 62.653740
27.166227 2.853831 62.615170
27.004829 2.721250 62.625732
27.122227 2.819541 62.583107
27.140091 2.926021 62.626060
26.976646 2.692786 62.658047
27.092310 2.624077 62.471592
28.131916 3.701653 65.991547
27.639164 3.371043 64.370918
27.055813 2.952393 62.637394
27.140278 2.830303 62.621082
27.044954 2.924048 62.624634
27.042675 2.858779 62.618496
27.008829 2.915092 62.623188
27.084608 2.763878 62.604046
27.087934 2.592599 62.640667
26.992861 2.989777 62.614925
27.125002 2.818540 62.616478
27.075262 2.826306 62.626438
27.100670 2.902060 62.614941
27.128759 2.920681 62.605114
27.075193 2.901808 62.626404
27.434858 3.021330 63.461971
26.949764 2.986847 62.636105
27.065725 2.887148 62.625359
26.917786 2.823728 62.617817
27.076513 2.929067 62.603447
27.065355 2.761467 62.609066
27.180925 2.914094 62.606323
27.232958 2.949558 62.618385
27.106569 2.784606 62.614494
27.048237 2.803073 62.616478
27.078819 2.965405 62.598869
27.100323 2.941650 62.612717
27.030119 2.913041 62.601154
26.945246 2.838366 62.613834
27.027613 2.832219 62.612717
27.014244 2.911231 62.604046
27.077351 2.690120 62.631729
27.217033 2.909410 62.606743
27.066437 2.803613 62.613636
27.086092 2.814380 62.637119
27.129398 2.823519 62.630253
29.435299 6.010468 69.353760
27.174406 2.935878 62.616478
27.132704 2.927994 62.599998
26.913645 2.731118 62.632950
28.862532 5.222179 67.695534
28.905737 4.903169 67.610962
28.496487 4.744767 66.883194
29.526611 5.933966 69.323288
32.096100 9.701849 77.247284
27.062052 2.749005 62.620396
29.778873 6.195422 70.147141
27.204334 2.872252 62.604584
30.055033 6.777298 71.064423
27.065992 2.964072 62.634079
28.607443 4.625193 66.754822
27.087738 2.698924 62.609688
26.937927 2.782798 62.638969
28.320351 4.370954 66.056816
27.194956 2.848350 62.606838
27.160402 2.781955 62.598839
28.993984 4.973641 67.565933
27.140596 2.584086 62.525864
28.262461 4.419266 66.033806
26.965424 2.480255 62.456043
32.104450 9.715797 77.384193
28.823635 5.066094 67.688202
27.858627 4.026158 65.172318
30.909224 8.387464 74.223755
31.172338 8.495379 74.848236
27.568428 3.668669 64.335213
27.051828 2.877565 62.605186
27.102419 2.852421 62.616478
35.528229 14.204207 87.590126
28.460102 4.537409 66.853188
27.019531 2.899523 62.602341
27.151222 2.607316 62.543663
26.959337 2.810430 62.629944
28.704872 5.419072 67.921051
30.211512 6.785123 71.577232
29.625952 6.345952 70.947517
27.809179 4.109217 65.294121
27.055891 2.785609 62.616478
28.020575 4.424170 65.905815
31.363682 8.512675 74.870270
31.405903 9.339998 71.682137
28.233997 4.875054 63.769035
29.183449 5.745010 68.350922
29.983515 7.080700 71.692101
28.856897 5.136039 67.820724
30.406404 7.399552 72.008217
31.399590 8.757454 75.439438
31.075977 8.257248 74.582634
28.614311 5.064682 67.764870
26.849043 2.829304 62.641617
26.903818 2.820070 62.664822
31.171618 8.609602 74.498627
29.079058 5.619845 68.661934
26.959925 2.543447 62.550434
29.918589 6.737085 71.493332
27.054480 2.837832 62.640450
29.078444 5.587163 68.767906
29.479408 6.197689 69.564842
32.726147 10.469130 78.724236
30.230070 6.956541 71.420288
28.336609 4.448369 66.140404
30.133900 6.757870 71.138031
30.944054 8.554721 74.111763
29.802181 6.476145 70.256340
28.203913 3.604152 65.139206
28.958773 5.688943 68.731430
28.538177 5.619552 68.296486
27.539660 3.913305 66.569710
29.736334 5.256533 72.124451
26.273865 3.175826 62.967892
27.839869 4.954608 67.052032
26.302828 3.367103 62.867134
29.827129 7.055357 73.378319
27.963858 5.678444 67.082565
30.583937 6.441245 76.323326
26.741272 3.192592 63.279827
28.665146 5.639647 69.376938
28.889257 4.713722 69.975166
30.416685 6.504265 74.831894
30.161779 7.118408 73.004135
31.708221 6.447201 78.771622
30.207710 5.500462 74.806168
31.819460 8.678301 79.028450
27.164682 3.424461 65.902550
30.478926 6.077525 75.600883
28.712404 5.774188 70.097504
30.851875 5.832293 76.489799
29.426601 5.096578 72.558090
28.025558 4.087474 68.084312
30.385132 5.479599 74.986549
29.357527 4.832352 71.915527
30.229441 5.152973 74.287849
29.360243 6.378314 72.152077
33.335556 9.258518 84.070641
32.294930 6.623863 80.573624
27.361788 3.827186 65.951942
30.196892 7.410247 74.666664
28.479506 4.325959 69.948601
28.901684 4.609496 70.474037
30.166536 6.542121 74.634094
30.606945 6.476873 75.474838
31.599304 7.963623 78.558556
30.958149 7.038764 76.428886
31.246641 7.247261 77.740494
31.707579 8.774167 79.474945
27.370129 4.069901 66.036613
30.891794 7.493093 77.103142
31.283010 6.486758 78.075218
27.641056 3.972547 67.942261
31.062477 6.134651 77.180824
29.603792 6.052177 73.318909
28.663029 5.953131 70.071907
26.667995 3.063441 64.553490
30.364754 5.476037 75.230438
29.145777 5.210217 71.489037
28.299885 4.134336 69.029083
27.150404 3.299019 65.870964
28.494390 4.215314 69.833710
26.119532 2.681341 62.514217
33.274860 10.487724 83.401314
30.084614 6.865645 74.081451
26.240307 2.647900 62.526558
27.449020 3.536287 66.521736
30.004229 5.414779 74.423080
29.499039 5.906857 72.529015
30.430262 5.698957 75.525612
28.644873 6.000741 70.097504
31.059507 6.801543 76.694992
26.107510 2.791263 62.527779
32.531376 8.935768 81.610992
26.644169 2.933751 63.897198
32.677322 8.336143 82.015381
27.811968 4.861699 67.484917
31.368893 9.345124 77.558884
26.143867 2.614136 62.503448
26.978426 3.754115 64.635101
30.718220 7.510825 76.546066
28.910011 5.066632 70.762123
28.317629 5.669606 69.482437
28.257048 5.430389 68.816933
28.352154 5.251775 69.447792
26.047663 2.649426 62.505829
26.495943 2.995729 63.842594
30.673758 6.026051 76.139381
29.411278 5.793073 72.686638
26.815838 2.915380 64.404060
28.309776 4.139942 68.995544
33.028805 9.106209 82.611115
29.353701 6.311329 71.993240
31.084305 8.449962 77.237778
29.510691 6.696953 72.691277
29.421234 5.746017 73.136360
31.601624 8.293258 79.197754
26.592213 3.392247 63.962173
29.489092 6.443853 72.736237
32.777573 8.126163 82.845634
27.422792 3.509353 66.639153
28.487753 4.181186 69.171944
27.329279 3.667088 66.621178
26.839809 3.367092 65.274460
62.100525 26.940361 127.181419
30.774366 8.218633 73.873703
27.404198 3.891695 66.677650
29.918978 6.707170 73.887642
31.957727 8.270730 79.530838
31.754843 6.414909 79.172867
29.265676 5.089411 72.237648
28.399334 5.220127 69.848190
30.251930 6.461508 75.364288
27.014132 3.539660 64.917526
32.140343 6.622140 79.048782
32.385651 8.175562 79.355392
28.692570 4.344670 68.515076
26.433422 2.652157 62.533680
28.245533 4.090363 67.976501
26.455162 2.932070 62.667568
28.230890 4.154264 68.335167
26.873371 3.128188 64.260056
29.417650 4.900972 71.271278
26.392670 3.111318 62.672001
30.467768 7.738450 74.806618
26.852644 3.653188 64.370789
28.024166 4.086406 67.539948
28.075417 4.835677 67.581078
27.988846 4.442369 67.512260
28.330568 4.271983 68.280655
28.054159 4.968125 67.440002
26.634272 2.856765 62.703999
29.592512 6.527082 71.529099
28.966173 5.301006 69.832893
30.785904 7.820780 75.506737
28.136156 4.087854 67.396782
28.576227 4.751633 68.336021
26.411852 3.015113 62.664822
26.415342 2.932451 62.669468
28.922575 4.463154 69.606949
28.699221 5.967517 69.210243
26.405539 2.973044 62.663887
28.626593 5.845074 69.061005
26.461618 2.908101 62.670330
26.441420 2.951046 62.656593
28.122194 5.142282 67.453583
28.762676 5.423109 69.076920
27.075008 3.208621 64.271233
28.749895 5.954550 69.218918
26.620701 3.110174 63.441418
26.721140 3.307029 63.508335
26.707544 2.718647 63.390503
27.656017 4.466445 66.106148
28.117094 5.098053 67.605980
27.587164 4.356723 65.954178
26.893791 3.546818 64.339783
28.669489 5.799474 69.160431
28.784632 4.870853 69.703705
27.482834 3.977346 65.823219
28.653717 5.662652 69.026382
26.349346 2.771994 62.685482
28.387815 4.875484 68.405479
28.639437 5.349067 69.069519
31.412167 8.081743 77.075951
29.464161 6.945612 71.487999
27.239058 3.426456 65.035042
27.034035 3.460659 65.101646
27.377419 4.060493 65.734375
32.336205 8.122225 79.717499
30.666786 8.724455 75.381447
34.301472 11.402596 84.812065
28.392094 5.522238 68.293335
26.247271 3.064949 62.666668
26.541918 3.006578 62.657963
30.284739 7.885788 73.304810
26.921581 2.787796 62.633610
28.204086 4.111775 65.868851
28.119652 3.542612 66.153656
31.624050 8.201646 75.272278
27.880745 3.067531 64.685867
28.895939 4.802331 67.776352
28.588985 4.237180 67.018089
28.424164 3.781086 66.235146
26.974586 2.015190 62.339333
27.057934 1.829069 62.331619
31.324104 7.772990 74.659149
26.970463 1.950614 62.320412
29.498634 5.145454 69.367348
29.519444 3.673040 68.857880
31.522257 7.281092 75.325760
32.495861 9.313048 77.840683
28.311314 3.465059 65.419434
34.571999 10.757652 83.659424
27.594769 2.742354 63.901810
27.505278 2.239136 63.087181
29.235756 4.920733 68.392944
27.101995 2.106268 62.295040
27.043377 1.973558 62.332447
29.749155 5.461427 69.957283
28.404612 3.781682 66.184341
27.028074 2.050298 62.353535
27.475395 2.434187 63.104439
27.188730 2.076417 62.305698
29.948084 5.751179 70.582718
27.205835 2.055524 62.297367
28.132286 2.965306 64.668365
27.161339 2.035733 62.318768
28.079353 3.345464 65.356438
27.127920 1.934599 62.351757
27.105425 1.846348 62.337532
29.109812 4.877460 67.939476
28.661989 3.981071 66.934677
31.562061 6.525048 74.814636
28.359989 3.534783 66.120605
28.651648 4.008602 66.782715
27.042429 1.966507 62.343433
27.081623 1.899918 62.349247
27.167830 1.872022 62.308270
28.761856 4.225885 66.941475
27.462530 2.413101 63.088310
27.234417 1.829966 62.242500
28.010065 3.070862 64.639893
27.201246 1.953204 62.323078
27.131044 2.096625 62.302631
28.973570 3.346330 67.466164
28.839878 4.114732 66.951408
29.974409 5.853956 70.442543
29.024147 4.467546 67.766495
29.636948 5.241470 69.186867
28.357924 3.306984 65.357140
27.507193 2.362789 63.086735
29.485054 5.100383 69.191437
29.495115 5.223191 69.182739
28.993488 4.386927 67.497536
27.299074 1.957834 62.324120
30.790974 6.772684 72.675743
28.258297 3.479815 65.385605
27.166519 2.000201 62.322418
31.487410 7.922658 75.057793
27.516214 2.266204 63.075130
29.290833 4.783793 68.454315
29.207445 4.841756 68.475700
28.100899 3.123754 64.637077
28.391472 3.532429 66.102242
27.216841 1.980973 62.307888
28.923056 4.260315 67.017998
27.230619 2.013295 62.289063
27.220804 2.042752 62.299740
27.335449 1.826620 62.318180
29.788189 5.502420 69.834587
27.820503 2.629463 63.834606
27.353384 2.300561 63.074741
27.193718 1.978897 62.300266
29.225912 4.499897 67.756409
28.364029 3.468660 65.387756
31.791874 6.362804 75.661140
27.820469 2.668949 63.873386
27.162210 1.755368 62.177666
30.108027 5.244462 71.082527
27.227392 1.978775 62.301300
27.701309 2.773089 63.961540
28.103270 3.052497 64.577888
27.164791 1.985237 62.348717
27.143492 1.959822 62.306877
27.195240 2.132793 62.293480
29.022856 4.646616 67.805702
27.140039 1.986472 62.306068
28.223541 3.425897 65.434784
32.113483 9.148139 77.372551
31.538553 7.988654 75.218903
27.071476 2.056993 62.352333
30.083567 6.076353 70.955841
29.427805 5.223494 69.157104
27.086748 1.722939 62.217285
27.270691 1.749091 62.204544
27.777813 2.932947 64.510002
28.769016 4.150613 67.410629
29.442575 4.920981 69.014778
27.061981 1.626740 62.204544
29.359739 5.023556 68.625000
28.201149 3.510614 65.430412
28.821175 4.374062 67.086617
27.234520 2.055439 62.328125
28.401817 3.398028 65.950493
30.456831 6.566276 72.212120
27.033899 2.009493 62.303524
29.045835 4.769793 68.484695
27.961515 3.212020 64.669250
27.065582 1.867754 62.362244
28.349617 3.796790 66.235901
27.019211 1.966513 62.351147
27.078159 2.069675 62.320953
31.612055 4.921490 74.642693
28.188757 3.458702 65.339333
32.191982 9.084238 77.475731
28.243444 3.407448 65.431877
28.301758 3.452095 65.440414
29.717817 5.569262 70.005089
28.332066 3.773620 66.249367
27.020172 1.961527 62.349129
28.675821 4.041492 67.000000
28.487848 3.859888 66.274872
33.302898 10.486441 80.669907
27.386066 2.361863 63.103626
32.050095 8.855572 77.014709
28.330015 3.375978 65.406647
28.253124 3.416785 65.396904
26.971115 1.913452 62.350784
27.228510 1.869259 62.285339
30.877577 6.983112 73.038269
27.889799 3.319643 64.697609
27.102615 2.032696 62.305485
28.002848 3.190886 64.647522
28.017691 2.922143 64.678101
31.079525 7.304615 73.757576
27.218933 1.947702 62.306702
27.072380 1.854334 62.313774
27.084988 2.014930 62.298386
26.801577 1.820690 62.291779
27.351322 4.176646 62.271427
27.743412 2.788811 64.388756
31.318787 7.676221 77.933632
22.215662 4.885183 68.315941
17.280306 6.507182 63.524956
13.232072 7.408996 63.023254
12.705207 7.017985 65.147057
12.516704 8.430655 62.410656
9.334213 6.788273 59.883362
8.614995 6.885290 59.193439
6.129366 6.995593 59.688526
4.678380 6.627406 59.231293
3.901491 5.990169 59.355118
4.130507 5.988606 59.299385
3.827274 5.979872 59.254848
0.515366 3.336096 60.839493
1.232981 4.325790 64.345695
1.502392 4.485028 65.010628
2.691528 6.002419 68.220261
0.942099 4.086781 64.066025
-0.252759 2.835768 61.145477
-0.287454 2.716083 61.181274
1.223404 4.348304 64.429939
-0.247187 2.730498 61.144070
0.906521 4.004520 63.730907
-0.156779 2.764435 61.088306
-0.168492 2.727546 61.101082
0.656728 3.691831 63.321430
1.241425 4.102307 64.283356
1.076436 3.864316 63.927059
0.583780 3.566515 62.878822
-0.193278 2.700392 61.114422
0.126437 3.046378 61.829357
-0.278519 2.786756 61.162846
0.611599 3.484838 62.885715
-0.181344 2.779173 61.106972
-0.304402 2.822146 61.170315
0.339771 3.455731 62.627380
0.106939 3.168018 61.856800
1.395512 4.656096 65.181602
-0.185814 2.731805 61.114735
0.669621 3.443610 62.835472
0.519823 3.262560 62.468235
1.338367 4.330322 64.696220
0.062842 3.056985 61.875454
2.017436 5.082185 66.080704
-0.102767 2.799992 61.068592
1.208990 4.311391 64.299530
1.083873 3.978551 63.924530
-0.314413 2.804181 61.186974
0.054534 3.108432 61.878315
0.451434 3.490107 62.546539
12.506016 13.611332 83.446899
5.201784 6.557787 59.601227
4.518466 6.097992 59.337864
5.582508 7.517388 59.811764
4.710947 7.545031 60.541603
4.009518 7.973960 61.817299
3.561976 7.842443 62.126099
3.682467 7.853874 62.593056
4.540470 8.172112 60.744560
0.298960 4.595767 66.349159
0.168359 4.623710 66.311317
-1.278706 2.856998 62.582619
0.040265 4.128198 65.521370
-0.062647 4.196077 65.392036
-1.214394 2.892357 62.608696
-0.347454 3.895302 64.565956
-1.015417 3.138509 63.208111
-0.876781 3.351551 63.542210
-0.115283 4.030553 65.180084
-0.830714 3.262521 63.552830
-0.845911 3.244296 63.532291
-0.950882 3.163052 63.240211
0.406305 4.210129 66.665291
-0.274810 3.873056 64.801048
0.568049 4.850092 66.789032
-1.225790 2.922612 62.598301
-0.090810 3.990051 65.170029
-0.116296 4.122923 65.146782
-0.652061 3.515961 64.127502
-0.860003 3.192258 63.289642
-0.986831 3.265792 63.221626
-0.608852 3.436534 63.895508
-0.506220 3.656150 64.214973
-0.908615 3.449146 63.516129
-0.730795 3.364829 63.597664
-0.993721 3.192627 63.223640
-0.591401 3.597637 64.177727
-1.360930 2.918899 62.523094
-0.760157 3.500817 63.836693
-0.793712 2.500485 63.890739
-1.243226 3.091405 62.832619
-1.359653 3.017222 62.521412
-0.500871 3.779482 64.454353
-1.022858 3.362926 63.449306
-0.537583 3.752831 64.441116
-0.998081 3.255930 63.200420
-0.809621 3.324535 63.559624
-0.687609 3.590153 64.101158
-1.332006 2.836370 62.540627
-0.901485 3.506249 63.501595
-0.031764 4.284113 65.444565
-0.624320 3.776445 64.163460
-0.928511 3.234167 63.259338
-0.739280 3.605250 63.849522
-1.306174 3.002487 62.553532
-0.913385 3.188714 63.257961
-0.433723 3.750932 64.493118
-1.149915 2.994161 62.634819
-0.812202 3.347373 63.551430
-0.616176 3.626154 64.141953
-0.057702 4.146832 65.198944
-0.801977 3.371937 63.571735
-0.681924 3.561096 63.876595
-0.004152 4.095258 65.483528
-0.944695 3.399637 63.486141
-0.097104 3.975167 65.163307
-1.074433 2.975952 62.921860
-0.898253 3.117403 63.262486
-1.033084 3.041857 62.951065
-0.227894 3.970846 64.860191
-0.331600 4.215820 62.694080
1.092658 7.207017 63.165516
2.296743 7.488652 62.951702
3.152508 7.542491 62.556709
4.082759 7.892613 61.942142
3.721863 7.498608 61.997429
3.859096 6.836553 61.985607
4.286251 6.363357 62.142487
3.885488 6.435657 60.785973
4.855128 6.419752 58.814590
5.174644 5.191660 60.484108
4.853799 6.038363 58.646545
4.789922 6.239689 58.615383
4.817128 5.968572 58.606163
4.303217 6.183224 59.135822
3.972773 5.949753 59.297947
19.768711 17.102556 102.268364
1.844277 4.583714 64.960876
0.172252 2.850379 61.172092
1.848213 4.529826 64.962326
1.410691 4.095287 63.936268
0.374545 2.958370 61.478413
1.526883 4.266626 64.295067
2.873321 1.786229 70.977898
0.149402 2.709139 60.734741
2.330614 5.107279 66.010384
4.567155 7.404332 71.034561
2.598143 5.356810 66.656754
1.847555 4.564380 64.932495
2.524942 5.288472 66.469437
2.043375 4.841836 65.359535
2.140345 5.025216 65.687286
0.857903 3.559025 62.569904
1.432121 4.159943 63.993065
2.653395 5.468660 66.690369
3.451684 5.736104 68.199547
0.040022 2.714880 60.800232
3.224727 5.979753 68.092445
1.146821 3.727669 63.182858
0.915006 3.748545 63.008244
1.520272 4.125444 63.982414
1.431796 4.155118 63.909405
0.820008 3.688161 62.963997
1.831439 4.488624 64.718491
0.258546 2.967866 61.554905
2.150231 4.861281 65.670090
0.366416 2.815851 61.037975
0.987724 3.460787 62.490566
1.546492 4.250875 64.277969
0.849948 3.579503 62.562206
1.307168 3.981709 63.605537
0.809834 3.590732 62.581478
2.346632 4.276646 65.548531
0.834095 3.641554 62.582054
2.468361 5.305155 66.476410
1.206843 4.053811 63.661644
1.566456 4.345348 64.299538
0.883799 3.745107 62.938515
-0.023919 2.722621 60.838825
1.750918 4.622487 64.997726
1.131567 4.022365 63.717415
1.789891 4.646297 65.079865
0.278681 3.048316 61.558029
0.533021 3.303205 61.873508
0.464530 3.297917 61.907581
1.681536 4.519369 64.646385
0.735872 3.342865 62.180210
1.185346 3.999557 63.661663
0.006771 2.672494 60.829987
1.846925 4.738607 65.052696
0.766823 3.521020 62.593750
0.894879 3.509838 62.509216
1.488566 4.366340 64.342957
0.318128 3.073074 61.527359
0.613996 3.369243 62.237545
2.308831 5.171132 66.090492
2.106424 0.809079 69.993347
0.089902 2.635873 60.782097
1.354794 4.038726 63.930206
1.741545 4.649348 65.006866
0.730018 3.500424 62.644188
1.643241 4.474944 64.628281
1.107942 2.780812 62.816803
0.444591 3.186951 61.885914
0.250707 3.041121 61.563656
0.651446 3.330273 62.205509
1.230421 4.068305 63.675991
1.916656 3.909986 65.055809
1.720657 4.355886 64.258827
1.304725 3.928183 63.627769
2.606378 5.029184 66.187286
0.062631 2.712097 60.791668
0.250151 2.858680 61.134483
0.960904 3.616698 62.893642
0.317125 2.959402 61.508011
0.109206 2.665555 60.772255
0.077338 2.749686 60.781841
0.664781 3.326526 62.182236
2.153628 4.933182 65.631042
0.927213 3.622370 62.919540
0.219140 2.842928 61.153580
1.562813 4.305851 64.267509
0.819063 3.235925 62.094849
2.862165 5.771730 67.431999
3.088804 5.749879 67.615906
0.755982 3.538601 62.576527
0.905136 3.364303 62.434090
2.516371 5.331123 66.675766
21.252121 19.436394 98.290382
11.485411 12.937855 83.582420
13.937609 14.275082 87.800911
5.604245 6.643512 60.027901
14.862650 8.076858 62.606743
21.190239 6.225418 63.785328
31.241716 9.364648 85.815521
27.929510 4.107325 68.746330
29.153721 4.575329 71.261497
29.859528 5.629755 73.842995
27.022728 3.150418 64.523079
26.876198 2.299948 63.192001
29.247841 5.331746 70.160713
28.559952 4.889703 68.803711
29.420994 5.783155 70.900002
28.988295 5.363481 69.497314
27.727982 3.412859 65.152817
29.389910 5.802761 69.525513
29.280542 5.680059 69.288223
27.965357 4.100209 65.686684
28.556101 4.090136 67.488953
29.288139 6.618445 70.972527
27.226318 3.698860 64.385445
29.875761 5.809319 71.615997
36.268188 12.540971 90.750618
28.350382 4.709340 67.486771
27.630943 3.852240 65.614037
30.769199 6.675544 74.165466
28.048838 4.555675 66.672729
28.593048 4.539011 68.264709
26.878635 2.927863 62.725849
26.698156 2.730908 62.752716
26.684021 2.696305 62.626343
29.609161 6.068231 71.321152
27.135057 3.146374 64.323448
27.408247 3.567431 64.287636
29.444246 6.774761 70.873314
27.128418 3.216523 64.174477
29.645163 6.924673 71.450264
27.171911 3.687124 64.345016
29.986803 6.713955 72.467567
26.432247 2.809437 62.715847
29.926386 4.972056 72.070496
28.936033 6.003405 69.983871
27.862520 3.322319 66.556427
29.692402 5.878081 71.399467
28.249952 4.621456 67.538872
27.903475 4.658114 66.760109
29.583960 6.584793 71.427818
26.907957 3.158586 63.489189
28.475277 5.136951 67.528793
30.986576 7.615711 75.189613
29.258017 5.252085 70.005447
28.938931 5.395734 69.562660
28.093164 4.515294 66.650131
31.087778 7.059587 75.448364
26.969410 3.091509 63.557064
26.657145 2.785473 62.739246
32.688862 9.026538 79.416039
29.547230 6.678804 70.753319
27.498520 4.500373 66.052925
30.732151 8.522779 74.743454
28.143148 3.706532 67.217278
28.188345 4.148244 67.356956
29.020302 5.900755 69.573982
28.138874 5.049174 67.417946
28.990654 5.672534 69.046394
30.439425 7.418600 73.705429
29.913567 7.267983 72.564384
29.659555 6.738358 71.479057
29.994558 5.751289 72.292557
29.832827 7.267092 72.253929
29.696365 5.748697 71.273438
35.416382 12.240994 87.982758
27.205097 3.377546 64.322670
29.654875 6.375217 71.415146
32.846199 9.597817 80.594803
32.030441 7.334242 78.321991
26.586845 2.541389 62.653225
30.846575 6.442153 74.488190
28.457434 4.797688 68.382111
32.177483 8.108993 78.753181
26.759712 2.821162 62.729660
28.475882 5.548851 68.260414
29.497990 6.577781 71.081078
29.115105 4.523864 69.563454
34.590446 11.505338 85.879997
31.531002 8.924359 76.997375
26.953209 3.252045 63.544716
32.371262 7.771098 78.676842
28.988220 5.738928 69.795273
26.934906 3.088239 63.519791
30.931082 7.103220 75.116577
30.733534 8.806958 75.092072
29.550611 7.118297 71.622993
29.110918 6.206460 70.058823
26.662073 2.881422 62.730457
31.869394 7.889193 77.575523
26.704018 3.024297 62.716217
30.457062 6.537398 73.866669
26.575687 2.607899 62.662197
30.244730 6.505653 73.084656
29.485550 5.601743 70.953423
30.428427 7.181317 73.859413
31.863235 8.889433 77.824936
27.733828 4.396632 65.936508
29.335415 4.674960 70.569923
27.711603 3.930425 65.911530
28.402924 4.754393 68.005104
28.503901 5.214300 68.120819
28.397749 5.207534 68.136948
30.972414 8.861947 75.397369
29.249912 5.781000 70.545929
27.563356 3.749103 65.163155
29.992136 6.801527 72.223686
29.814215 4.786125 71.236366
28.973070 5.359257 69.943703
26.994581 3.103359 63.514668
30.699268 7.237366 74.272263
29.382652 4.530665 70.571053
26.667238 2.707064 62.739361
32.119122 9.696129 78.735519
26.767715 2.835368 62.735451
28.304363 5.149497 67.629730
28.928907 5.711379 68.992271
28.463024 5.457565 68.576920
29.015631 6.086524 70.026810
28.892105 6.358513 69.902634
32.854187 9.633096 80.487045
28.182766 4.076589 67.486633
27.633270 4.630888 66.136871
28.127674 4.107104 67.678871
35.047405 10.816341 87.137154
29.222721 6.651109 70.650795
28.381266 4.853328 68.187012
29.295832 6.021540 69.681931
29.654005 5.696986 71.607597
30.487303 6.171672 73.647522
31.455585 7.819978 76.856400
26.628565 2.770082 62.746632
31.221312 7.418136 76.190956
27.053146 3.487578 64.366844
29.222603 6.507735 70.748680
29.025194 5.732797 69.840729
31.393080 7.438223 76.435440
27.719563 3.556923 65.872337
28.621248 5.324805 68.354500
29.575146 7.173182 71.539680
27.718534 4.264871 66.038460
26.630680 2.984046 62.712738
