797.009644 23.064589 1464.000000
802.849304 18.012646 1470.000000
802.849304 20.585882 1470.000000
802.849304 23.159117 1470.000000
805.422607 23.159117 1470.000000
797.702820 25.732351 1470.000000
800.276123 25.732351 1470.000000
802.849304 25.732351 1470.000000
820.862000 164.687057 1470.000000
809.257935 18.098419 1477.000000
811.843445 18.098419 1477.000000
809.257935 20.683908 1477.000000
811.843445 20.683908 1477.000000
811.843445 23.269396 1477.000000
809.257935 25.854887 1477.000000
811.843445 25.854887 1477.000000
804.086914 28.440372 1477.000000
806.672424 28.440372 1477.000000
809.257935 28.440372 1477.000000
811.843445 28.440372 1477.000000
804.086914 31.025864 1477.000000
806.672424 31.025864 1477.000000
809.257935 31.025864 1477.000000
811.843445 31.025864 1477.000000
814.428955 31.025864 1477.000000
811.843445 33.611351 1477.000000
811.843445 36.196838 1477.000000
814.428955 36.196838 1477.000000
819.599854 49.124283 1477.000000
822.185425 49.124283 1477.000000
824.770874 129.274429 1477.000000
824.770874 131.859909 1477.000000
824.770874 134.445404 1477.000000
824.770874 137.030884 1477.000000
824.770874 139.616379 1477.000000
824.770874 160.300293 1477.000000
822.185425 162.885788 1477.000000
824.770874 162.885788 1477.000000
819.599854 165.471268 1477.000000
822.185425 165.471268 1477.000000
822.185425 168.056763 1477.000000
824.770874 168.056763 1477.000000
822.185425 170.642242 1477.000000
824.770874 170.642242 1477.000000
822.185425 173.227722 1477.000000
824.770874 173.227722 1477.000000
822.185425 175.813232 1477.000000
824.770874 175.813232 1477.000000
824.770874 178.398712 1477.000000
811.843445 180.984192 1477.000000
824.770874 180.984192 1477.000000
811.843445 183.569687 1477.000000
824.770874 183.569687 1477.000000
811.843445 186.155167 1477.000000
811.843445 188.740677 1477.000000
809.257935 191.326157 1477.000000
811.843445 191.326157 1477.000000
814.428955 191.326157 1477.000000
809.257935 193.911636 1477.000000
811.843445 193.911636 1477.000000
814.428955 193.911636 1477.000000
809.257935 196.497131 1477.000000
811.843445 196.497131 1477.000000
814.428955 196.497131 1477.000000
824.770874 196.497131 1477.000000
811.843445 199.082611 1477.000000
824.770874 199.082611 1477.000000
824.770874 201.668106 1477.000000
824.770874 209.424591 1477.000000
822.185425 212.010071 1477.000000
824.770874 212.010071 1477.000000
822.185425 214.595551 1477.000000
824.770874 214.595551 1477.000000
822.185425 217.181046 1477.000000
822.185425 219.766525 1477.000000
814.428955 224.937500 1477.000000
819.599854 224.937500 1477.000000
822.185425 224.937500 1477.000000
824.770874 224.937500 1477.000000
814.428955 227.522980 1477.000000
817.014465 227.522980 1477.000000
819.599854 227.522980 1477.000000
822.185425 227.522980 1477.000000
824.770874 227.522980 1477.000000
814.428955 230.108490 1477.000000
817.014465 230.108490 1477.000000
819.599854 230.108490 1477.000000
822.185425 230.108490 1477.000000
824.770874 230.108490 1477.000000
817.014465 232.693970 1477.000000
819.599854 232.693970 1477.000000
822.185425 232.693970 1477.000000
824.770874 232.693970 1477.000000
819.599854 235.279449 1477.000000
822.185425 235.279449 1477.000000
819.599854 237.864944 1477.000000
824.770874 237.864944 1477.000000
819.599854 240.450439 1477.000000
822.185425 240.450439 1477.000000
817.014465 243.035950 1477.000000
817.014465 245.621429 1477.000000
825.525391 10.383966 1483.000000
822.929321 18.171942 1483.000000
817.737366 23.363926 1483.000000
817.737366 25.959919 1483.000000
820.333435 25.959919 1483.000000
802.161438 28.555908 1483.000000
804.757385 28.555908 1483.000000
817.737366 28.555908 1483.000000
804.757385 31.151899 1483.000000
820.333435 31.151899 1483.000000
807.353455 33.747890 1483.000000
809.949341 33.747890 1483.000000
812.545349 33.747890 1483.000000
817.737366 33.747890 1483.000000
820.333435 33.747890 1483.000000
807.353455 36.343884 1483.000000
809.949341 36.343884 1483.000000
812.545349 36.343884 1483.000000
820.333435 36.343884 1483.000000
822.929321 36.343884 1483.000000
809.949341 38.939873 1483.000000
812.545349 38.939873 1483.000000
815.141418 38.939873 1483.000000
817.737366 38.939873 1483.000000
820.333435 38.939873 1483.000000
809.949341 41.535866 1483.000000
812.545349 41.535866 1483.000000
815.141418 41.535866 1483.000000
817.737366 41.535866 1483.000000
822.929321 41.535866 1483.000000
825.525391 41.535866 1483.000000
815.141418 44.131859 1483.000000
817.737366 44.131859 1483.000000
822.929321 44.131859 1483.000000
825.525391 44.131859 1483.000000
815.141418 46.727852 1483.000000
817.737366 46.727852 1483.000000
820.333435 46.727852 1483.000000
822.929321 46.727852 1483.000000
825.525391 46.727852 1483.000000
817.737366 49.323837 1483.000000
820.333435 49.323837 1483.000000
828.121277 49.323837 1483.000000
822.929321 51.919838 1483.000000
825.525391 51.919838 1483.000000
822.929321 54.515823 1483.000000
825.525391 54.515823 1483.000000
825.525391 57.111816 1483.000000
822.929321 59.707806 1483.000000
825.525391 59.707806 1483.000000
822.929321 62.303799 1483.000000
825.525391 72.687767 1483.000000
825.525391 75.283760 1483.000000
828.121277 75.283760 1483.000000
825.525391 77.879745 1483.000000
828.121277 77.879745 1483.000000
825.525391 80.475739 1483.000000
828.121277 80.475739 1483.000000
825.525391 83.071732 1483.000000
828.121277 83.071732 1483.000000
825.525391 85.667725 1483.000000
825.525391 88.263718 1483.000000
825.525391 90.859711 1483.000000
828.121277 90.859711 1483.000000
820.333435 101.243668 1483.000000
828.121277 127.203598 1483.000000
825.525391 129.799591 1483.000000
825.525391 132.395569 1483.000000
825.525391 134.991562 1483.000000
817.737366 137.587555 1483.000000
822.929321 137.587555 1483.000000
825.525391 137.587555 1483.000000
817.737366 140.183548 1483.000000
820.333435 140.183548 1483.000000
822.929321 140.183548 1483.000000
825.525391 140.183548 1483.000000
822.929321 142.779541 1483.000000
825.525391 142.779541 1483.000000
828.121277 142.779541 1483.000000
817.737366 145.375534 1483.000000
820.333435 145.375534 1483.000000
822.929321 145.375534 1483.000000
828.121277 145.375534 1483.000000
817.737366 147.971527 1483.000000
817.737366 150.567520 1483.000000
820.333435 150.567520 1483.000000
822.929321 150.567520 1483.000000
817.737366 153.163513 1483.000000
820.333435 153.163513 1483.000000
822.929321 153.163513 1483.000000
815.141418 155.759491 1483.000000
817.737366 155.759491 1483.000000
820.333435 155.759491 1483.000000
822.929321 155.759491 1483.000000
817.737366 158.355484 1483.000000
822.929321 158.355484 1483.000000
828.121277 158.355484 1483.000000
817.737366 160.951477 1483.000000
822.929321 160.951477 1483.000000
825.525391 160.951477 1483.000000
817.737366 163.547470 1483.000000
822.929321 163.547470 1483.000000
817.737366 166.143463 1483.000000
822.929321 168.739456 1483.000000
822.929321 171.335449 1483.000000
822.929321 173.931442 1483.000000
825.525391 179.123428 1483.000000
825.525391 181.719421 1483.000000
817.737366 184.315414 1483.000000
822.929321 184.315414 1483.000000
825.525391 184.315414 1483.000000
812.545349 186.911407 1483.000000
817.737366 186.911407 1483.000000
828.121277 186.911407 1483.000000
812.545349 189.507401 1483.000000
817.737366 189.507401 1483.000000
828.121277 189.507401 1483.000000
809.949341 192.103378 1483.000000
820.333435 192.103378 1483.000000
828.121277 192.103378 1483.000000
809.949341 194.699356 1483.000000
820.333435 194.699356 1483.000000
828.121277 194.699356 1483.000000
809.949341 197.295349 1483.000000
820.333435 197.295349 1483.000000
822.929321 197.295349 1483.000000
809.949341 199.891342 1483.000000
812.545349 199.891342 1483.000000
817.737366 199.891342 1483.000000
820.333435 199.891342 1483.000000
822.929321 199.891342 1483.000000
825.525391 199.891342 1483.000000
812.545349 202.487335 1483.000000
815.141418 202.487335 1483.000000
817.737366 202.487335 1483.000000
820.333435 202.487335 1483.000000
822.929321 202.487335 1483.000000
825.525391 202.487335 1483.000000
815.141418 205.083359 1483.000000
828.121277 205.083359 1483.000000
815.141418 207.679352 1483.000000
817.737366 207.679352 1483.000000
825.525391 207.679352 1483.000000
828.121277 207.679352 1483.000000
815.141418 210.275330 1483.000000
817.737366 210.275330 1483.000000
825.525391 210.275330 1483.000000
817.737366 212.871323 1483.000000
817.737366 215.467300 1483.000000
822.929321 215.467300 1483.000000
817.737366 218.063293 1483.000000
820.333435 218.063293 1483.000000
822.929321 218.063293 1483.000000
828.121277 218.063293 1483.000000
815.141418 220.659286 1483.000000
817.737366 220.659286 1483.000000
820.333435 220.659286 1483.000000
822.929321 220.659286 1483.000000
828.121277 220.659286 1483.000000
817.737366 223.255280 1483.000000
820.333435 223.255280 1483.000000
822.929321 223.255280 1483.000000
825.525391 223.255280 1483.000000
828.121277 223.255280 1483.000000
815.141418 225.851273 1483.000000
820.333435 225.851273 1483.000000
815.141418 228.447266 1483.000000
815.141418 231.043243 1483.000000
817.737366 233.639236 1483.000000
817.737366 236.235229 1483.000000
820.333435 236.235229 1483.000000
828.121277 236.235229 1483.000000
817.737366 238.831223 1483.000000
820.333435 238.831223 1483.000000
825.525391 238.831223 1483.000000
817.737366 241.427231 1483.000000
820.333435 241.427231 1483.000000
817.737366 244.023224 1483.000000
831.471741 10.425979 1489.000000
828.865295 13.032473 1489.000000
828.865295 15.638968 1489.000000
831.471741 15.638968 1489.000000
823.652344 18.245462 1489.000000
828.865295 18.245462 1489.000000
831.471741 18.245462 1489.000000
821.045776 20.851957 1489.000000
826.258789 20.851957 1489.000000
823.652344 23.458450 1489.000000
826.258789 23.458450 1489.000000
828.865295 23.458450 1489.000000
826.258789 26.064945 1489.000000
828.865295 26.064945 1489.000000
823.652344 28.671440 1489.000000
826.258789 28.671440 1489.000000
828.865295 28.671440 1489.000000
805.406799 31.277935 1489.000000
826.258789 31.277935 1489.000000
828.865295 31.277935 1489.000000
808.013245 33.884430 1489.000000
826.258789 33.884430 1489.000000
828.865295 33.884430 1489.000000
808.013245 36.490925 1489.000000
828.865295 36.490925 1489.000000
808.013245 39.097416 1489.000000
810.619751 39.097416 1489.000000
826.258789 39.097416 1489.000000
828.865295 39.097416 1489.000000
831.471741 39.097416 1489.000000
810.619751 41.703915 1489.000000
823.652344 41.703915 1489.000000
831.471741 41.703915 1489.000000
813.226196 44.310410 1489.000000
815.832764 44.310410 1489.000000
823.652344 44.310410 1489.000000
831.471741 44.310410 1489.000000
831.471741 46.916901 1489.000000
818.439331 49.523396 1489.000000
818.439331 52.129890 1489.000000
821.045776 52.129890 1489.000000
823.652344 52.129890 1489.000000
831.471741 52.129890 1489.000000
821.045776 54.736385 1489.000000
823.652344 54.736385 1489.000000
831.471741 54.736385 1489.000000
821.045776 57.342880 1489.000000
826.258789 57.342880 1489.000000
831.471741 57.342880 1489.000000
831.471741 59.949371 1489.000000
828.865295 62.555870 1489.000000
831.471741 62.555870 1489.000000
823.652344 65.162361 1489.000000
826.258789 65.162361 1489.000000
828.865295 65.162361 1489.000000
831.471741 65.162361 1489.000000
818.439331 67.768860 1489.000000
821.045776 67.768860 1489.000000
823.652344 67.768860 1489.000000
826.258789 67.768860 1489.000000
828.865295 67.768860 1489.000000
831.471741 67.768860 1489.000000
818.439331 70.375351 1489.000000
826.258789 70.375351 1489.000000
828.865295 70.375351 1489.000000
831.471741 70.375351 1489.000000
823.652344 72.981850 1489.000000
826.258789 72.981850 1489.000000
831.471741 72.981850 1489.000000
823.652344 75.588341 1489.000000
826.258789 75.588341 1489.000000
823.652344 78.194832 1489.000000
826.258789 78.194832 1489.000000
823.652344 80.801331 1489.000000
826.258789 80.801331 1489.000000
823.652344 83.407829 1489.000000
826.258789 83.407829 1489.000000
823.652344 86.014313 1489.000000
826.258789 86.014313 1489.000000
831.471741 86.014313 1489.000000
823.652344 88.620819 1489.000000
826.258789 88.620819 1489.000000
831.471741 88.620819 1489.000000
823.652344 91.227310 1489.000000
826.258789 91.227310 1489.000000
823.652344 93.833801 1489.000000
828.865295 93.833801 1489.000000
831.471741 93.833801 1489.000000
821.045776 96.440292 1489.000000
823.652344 96.440292 1489.000000
826.258789 96.440292 1489.000000
828.865295 96.440292 1489.000000
831.471741 96.440292 1489.000000
821.045776 99.046791 1489.000000
823.652344 99.046791 1489.000000
826.258789 99.046791 1489.000000
828.865295 99.046791 1489.000000
821.045776 101.653275 1489.000000
826.258789 101.653275 1489.000000
828.865295 101.653275 1489.000000
821.045776 104.259781 1489.000000
823.652344 104.259781 1489.000000
826.258789 104.259781 1489.000000
821.045776 106.866280 1489.000000
823.652344 106.866280 1489.000000
826.258789 106.866280 1489.000000
821.045776 109.472771 1489.000000
823.652344 109.472771 1489.000000
826.258789 109.472771 1489.000000
813.226196 112.079262 1489.000000
815.832764 112.079262 1489.000000
821.045776 112.079262 1489.000000
823.652344 112.079262 1489.000000
826.258789 112.079262 1489.000000
813.226196 114.685760 1489.000000
815.832764 114.685760 1489.000000
818.439331 114.685760 1489.000000
821.045776 114.685760 1489.000000
823.652344 114.685760 1489.000000
826.258789 114.685760 1489.000000
821.045776 117.292244 1489.000000
823.652344 117.292244 1489.000000
826.258789 117.292244 1489.000000
815.832764 119.898743 1489.000000
821.045776 119.898743 1489.000000
823.652344 119.898743 1489.000000
826.258789 119.898743 1489.000000
828.865295 119.898743 1489.000000
815.832764 122.505249 1489.000000
821.045776 122.505249 1489.000000
823.652344 122.505249 1489.000000
826.258789 122.505249 1489.000000
828.865295 122.505249 1489.000000
831.471741 122.505249 1489.000000
821.045776 125.111740 1489.000000
823.652344 125.111740 1489.000000
826.258789 125.111740 1489.000000
828.865295 125.111740 1489.000000
831.471741 125.111740 1489.000000
826.258789 127.718239 1489.000000
828.865295 127.718239 1489.000000
823.652344 130.324722 1489.000000
826.258789 130.324722 1489.000000
826.258789 132.931213 1489.000000
821.045776 135.537720 1489.000000
823.652344 135.537720 1489.000000
826.258789 135.537720 1489.000000
810.619751 138.144211 1489.000000
815.832764 138.144211 1489.000000
818.439331 138.144211 1489.000000
823.652344 138.144211 1489.000000
818.439331 140.750702 1489.000000
818.439331 143.357208 1489.000000
821.045776 143.357208 1489.000000
823.652344 143.357208 1489.000000
815.832764 145.963699 1489.000000
818.439331 145.963699 1489.000000
828.865295 145.963699 1489.000000
815.832764 148.570190 1489.000000
818.439331 148.570190 1489.000000
823.652344 148.570190 1489.000000
826.258789 148.570190 1489.000000
828.865295 148.570190 1489.000000
831.471741 148.570190 1489.000000
815.832764 151.176682 1489.000000
818.439331 151.176682 1489.000000
828.865295 151.176682 1489.000000
831.471741 151.176682 1489.000000
815.832764 153.783173 1489.000000
818.439331 153.783173 1489.000000
828.865295 153.783173 1489.000000
831.471741 153.783173 1489.000000
815.832764 156.389664 1489.000000
828.865295 156.389664 1489.000000
831.471741 156.389664 1489.000000
818.439331 158.996170 1489.000000
823.652344 158.996170 1489.000000
828.865295 158.996170 1489.000000
818.439331 161.602661 1489.000000
823.652344 161.602661 1489.000000
818.439331 164.209152 1489.000000
823.652344 164.209152 1489.000000
818.439331 166.815659 1489.000000
823.652344 166.815659 1489.000000
821.045776 169.422150 1489.000000
823.652344 169.422150 1489.000000
826.258789 177.241638 1489.000000
818.439331 179.848114 1489.000000
823.652344 179.848114 1489.000000
826.258789 179.848114 1489.000000
821.045776 182.454620 1489.000000
823.652344 182.454620 1489.000000
826.258789 182.454620 1489.000000
815.832764 185.061111 1489.000000
823.652344 185.061111 1489.000000
823.652344 187.667603 1489.000000
826.258789 187.667603 1489.000000
828.865295 187.667603 1489.000000
823.652344 190.274109 1489.000000
826.258789 190.274109 1489.000000
828.865295 190.274109 1489.000000
826.258789 192.880585 1489.000000
828.865295 192.880585 1489.000000
826.258789 195.487076 1489.000000
828.865295 195.487076 1489.000000
828.865295 198.093582 1489.000000
813.226196 203.306549 1489.000000
813.226196 205.913086 1489.000000
815.832764 205.913086 1489.000000
821.045776 205.913086 1489.000000
823.652344 205.913086 1489.000000
826.258789 205.913086 1489.000000
828.865295 205.913086 1489.000000
813.226196 208.519562 1489.000000
815.832764 208.519562 1489.000000
823.652344 208.519562 1489.000000
826.258789 208.519562 1489.000000
813.226196 211.126053 1489.000000
815.832764 211.126053 1489.000000
823.652344 211.126053 1489.000000
826.258789 211.126053 1489.000000
813.226196 213.732559 1489.000000
815.832764 213.732559 1489.000000
818.439331 213.732559 1489.000000
823.652344 213.732559 1489.000000
826.258789 213.732559 1489.000000
813.226196 216.339050 1489.000000
815.832764 216.339050 1489.000000
818.439331 216.339050 1489.000000
823.652344 216.339050 1489.000000
813.226196 218.945541 1489.000000
815.832764 218.945541 1489.000000
818.439331 218.945541 1489.000000
813.226196 221.552032 1489.000000
815.832764 221.552032 1489.000000
813.226196 224.158524 1489.000000
815.832764 224.158524 1489.000000
818.439331 224.158524 1489.000000
813.226196 226.765015 1489.000000
815.832764 226.765015 1489.000000
815.832764 229.371521 1489.000000
815.832764 231.977997 1489.000000
815.832764 234.584488 1489.000000
818.439331 234.584488 1489.000000
815.832764 237.190994 1489.000000
818.439331 237.190994 1489.000000
815.832764 239.797485 1489.000000
818.439331 239.797485 1489.000000
815.832764 242.403992 1489.000000
818.439331 242.403992 1489.000000
802.800293 245.010498 1489.000000
810.619751 245.010498 1489.000000
813.226196 245.010498 1489.000000
815.832764 245.010498 1489.000000
818.439331 245.010498 1489.000000
815.832764 247.616989 1489.000000
818.439331 247.616989 1489.000000
821.045776 247.616989 1489.000000
815.832764 250.223480 1489.000000
835.380676 13.093741 1496.000000
827.524475 20.949986 1496.000000
832.761963 20.949986 1496.000000
835.380676 20.949986 1496.000000
835.380676 23.568733 1496.000000
835.380676 26.187483 1496.000000
806.574402 28.806231 1496.000000
835.380676 28.806231 1496.000000
835.380676 31.424980 1496.000000
809.193176 34.043724 1496.000000
835.380676 34.043724 1496.000000
809.193176 36.662476 1496.000000
835.380676 36.662476 1496.000000
809.193176 39.281223 1496.000000
809.193176 41.899971 1496.000000
811.811951 41.899971 1496.000000
809.193176 44.518719 1496.000000
811.811951 44.518719 1496.000000
814.430725 44.518719 1496.000000
811.811951 47.137466 1496.000000
814.430725 47.137466 1496.000000
817.049377 47.137466 1496.000000
819.668152 47.137466 1496.000000
811.811951 49.756214 1496.000000
814.430725 49.756214 1496.000000
819.668152 49.756214 1496.000000
811.811951 52.374966 1496.000000
814.430725 52.374966 1496.000000
819.668152 52.374966 1496.000000
806.574402 54.993710 1496.000000
809.193176 54.993710 1496.000000
811.811951 54.993710 1496.000000
814.430725 54.993710 1496.000000
817.049377 54.993710 1496.000000
819.668152 54.993710 1496.000000
822.286987 54.993710 1496.000000
806.574402 57.612461 1496.000000
809.193176 57.612461 1496.000000
811.811951 57.612461 1496.000000
814.430725 57.612461 1496.000000
819.668152 57.612461 1496.000000
822.286987 57.612461 1496.000000
827.524475 57.612461 1496.000000
806.574402 60.231205 1496.000000
809.193176 60.231205 1496.000000
811.811951 60.231205 1496.000000
814.430725 60.231205 1496.000000
819.668152 60.231205 1496.000000
822.286987 60.231205 1496.000000
824.905701 60.231205 1496.000000
827.524475 60.231205 1496.000000
809.193176 62.849960 1496.000000
811.811951 62.849960 1496.000000
814.430725 62.849960 1496.000000
819.668152 62.849960 1496.000000
822.286987 62.849960 1496.000000
824.905701 62.849960 1496.000000
827.524475 62.849960 1496.000000
809.193176 65.468704 1496.000000
811.811951 65.468704 1496.000000
814.430725 65.468704 1496.000000
817.049377 65.468704 1496.000000
819.668152 65.468704 1496.000000
822.286987 65.468704 1496.000000
824.905701 65.468704 1496.000000
809.193176 68.087448 1496.000000
811.811951 68.087448 1496.000000
814.430725 68.087448 1496.000000
817.049377 68.087448 1496.000000
819.668152 68.087448 1496.000000
811.811951 70.706207 1496.000000
814.430725 70.706207 1496.000000
817.049377 70.706207 1496.000000
819.668152 70.706207 1496.000000
824.905701 70.706207 1496.000000
827.524475 70.706207 1496.000000
817.049377 73.324951 1496.000000
819.668152 73.324951 1496.000000
822.286987 73.324951 1496.000000
824.905701 73.324951 1496.000000
819.668152 75.943695 1496.000000
822.286987 75.943695 1496.000000
824.905701 75.943695 1496.000000
819.668152 78.562447 1496.000000
822.286987 78.562447 1496.000000
824.905701 78.562447 1496.000000
822.286987 81.181198 1496.000000
824.905701 81.181198 1496.000000
822.286987 83.799942 1496.000000
824.905701 83.799942 1496.000000
822.286987 86.418686 1496.000000
824.905701 86.418686 1496.000000
822.286987 89.037437 1496.000000
824.905701 89.037437 1496.000000
822.286987 91.656189 1496.000000
824.905701 91.656189 1496.000000
822.286987 94.274933 1496.000000
824.905701 94.274933 1496.000000
830.143127 94.274933 1496.000000
817.049377 96.893684 1496.000000
819.668152 96.893684 1496.000000
822.286987 96.893684 1496.000000
817.049377 99.512428 1496.000000
819.668152 99.512428 1496.000000
822.286987 99.512428 1496.000000
835.380676 99.512428 1496.000000
817.049377 102.131172 1496.000000
819.668152 102.131172 1496.000000
822.286987 102.131172 1496.000000
835.380676 102.131172 1496.000000
814.430725 104.749931 1496.000000
817.049377 104.749931 1496.000000
819.668152 104.749931 1496.000000
822.286987 104.749931 1496.000000
832.761963 104.749931 1496.000000
814.430725 107.368675 1496.000000
817.049377 107.368675 1496.000000
819.668152 107.368675 1496.000000
822.286987 107.368675 1496.000000
832.761963 107.368675 1496.000000
835.380676 107.368675 1496.000000
814.430725 109.987419 1496.000000
817.049377 109.987419 1496.000000
819.668152 109.987419 1496.000000
822.286987 109.987419 1496.000000
832.761963 109.987419 1496.000000
811.811951 112.606171 1496.000000
814.430725 112.606171 1496.000000
822.286987 112.606171 1496.000000
832.761963 112.606171 1496.000000
811.811951 115.224922 1496.000000
814.430725 115.224922 1496.000000
832.761963 115.224922 1496.000000
835.380676 115.224922 1496.000000
814.430725 117.843666 1496.000000
817.049377 117.843666 1496.000000
819.668152 117.843666 1496.000000
822.286987 117.843666 1496.000000
832.761963 117.843666 1496.000000
835.380676 117.843666 1496.000000
814.430725 120.462410 1496.000000
817.049377 120.462410 1496.000000
822.286987 120.462410 1496.000000
835.380676 120.462410 1496.000000
814.430725 123.081169 1496.000000
817.049377 123.081169 1496.000000
822.286987 123.081169 1496.000000
811.811951 125.699921 1496.000000
814.430725 125.699921 1496.000000
817.049377 125.699921 1496.000000
819.668152 125.699921 1496.000000
822.286987 125.699921 1496.000000
811.811951 128.318665 1496.000000
814.430725 128.318665 1496.000000
817.049377 128.318665 1496.000000
819.668152 128.318665 1496.000000
822.286987 128.318665 1496.000000
824.905701 128.318665 1496.000000
827.524475 128.318665 1496.000000
811.811951 130.937408 1496.000000
814.430725 130.937408 1496.000000
817.049377 130.937408 1496.000000
819.668152 130.937408 1496.000000
822.286987 130.937408 1496.000000
824.905701 130.937408 1496.000000
811.811951 133.556152 1496.000000
814.430725 133.556152 1496.000000
817.049377 133.556152 1496.000000
819.668152 133.556152 1496.000000
822.286987 133.556152 1496.000000
824.905701 133.556152 1496.000000
827.524475 133.556152 1496.000000
811.811951 136.174896 1496.000000
814.430725 136.174896 1496.000000
817.049377 136.174896 1496.000000
819.668152 136.174896 1496.000000
822.286987 136.174896 1496.000000
811.811951 138.793640 1496.000000
817.049377 138.793640 1496.000000
811.811951 141.412415 1496.000000
814.430725 141.412415 1496.000000
817.049377 141.412415 1496.000000
819.668152 141.412415 1496.000000
811.811951 144.031158 1496.000000
814.430725 144.031158 1496.000000
817.049377 144.031158 1496.000000
819.668152 144.031158 1496.000000
811.811951 146.649902 1496.000000
814.430725 146.649902 1496.000000
817.049377 146.649902 1496.000000
814.430725 149.268646 1496.000000
817.049377 149.268646 1496.000000
811.811951 151.887390 1496.000000
814.430725 151.887390 1496.000000
817.049377 151.887390 1496.000000
811.811951 154.506134 1496.000000
814.430725 154.506134 1496.000000
817.049377 154.506134 1496.000000
811.811951 157.124893 1496.000000
814.430725 157.124893 1496.000000
817.049377 157.124893 1496.000000
814.430725 159.743637 1496.000000
817.049377 159.743637 1496.000000
819.668152 159.743637 1496.000000
814.430725 162.362396 1496.000000
817.049377 162.362396 1496.000000
819.668152 162.362396 1496.000000
814.430725 164.981140 1496.000000
817.049377 164.981140 1496.000000
819.668152 164.981140 1496.000000
814.430725 167.599884 1496.000000
817.049377 167.599884 1496.000000
819.668152 167.599884 1496.000000
819.668152 170.218628 1496.000000
822.286987 170.218628 1496.000000
827.524475 172.837372 1496.000000
822.286987 175.456116 1496.000000
824.905701 175.456116 1496.000000
827.524475 175.456116 1496.000000
822.286987 178.074875 1496.000000
824.905701 178.074875 1496.000000
827.524475 178.074875 1496.000000
819.668152 180.693634 1496.000000
824.905701 180.693634 1496.000000
819.668152 183.312378 1496.000000
817.049377 191.168625 1496.000000
814.430725 204.262344 1496.000000
814.430725 206.881119 1496.000000
809.193176 209.499863 1496.000000
811.811951 209.499863 1496.000000
814.430725 209.499863 1496.000000
811.811951 212.118607 1496.000000
814.430725 212.118607 1496.000000
811.811951 214.737350 1496.000000
814.430725 214.737350 1496.000000
814.430725 217.356094 1496.000000
814.430725 219.974838 1496.000000
814.430725 222.593597 1496.000000
814.430725 225.212341 1496.000000
814.430725 227.831100 1496.000000
814.430725 230.449844 1496.000000
817.049377 230.449844 1496.000000
814.430725 233.068588 1496.000000
817.049377 233.068588 1496.000000
814.430725 235.687332 1496.000000
817.049377 235.687332 1496.000000
806.574402 238.306076 1496.000000
814.430725 238.306076 1496.000000
817.049377 238.306076 1496.000000
806.574402 240.924820 1496.000000
811.811951 240.924820 1496.000000
814.430725 240.924820 1496.000000
817.049377 240.924820 1496.000000
806.574402 243.543594 1496.000000
809.193176 243.543594 1496.000000
811.811951 243.543594 1496.000000
814.430725 243.543594 1496.000000
817.049377 243.543594 1496.000000
809.193176 246.162338 1496.000000
811.811951 246.162338 1496.000000
806.574402 248.781082 1496.000000
809.193176 248.781082 1496.000000
811.811951 248.781082 1496.000000
814.430725 248.781082 1496.000000
817.049377 248.781082 1496.000000
811.811951 251.399841 1496.000000
814.430725 251.399841 1496.000000
817.049377 251.399841 1496.000000
822.286987 251.399841 1496.000000
824.905701 251.399841 1496.000000
817.049377 254.018570 1496.000000
819.668152 254.018570 1496.000000
822.286987 254.018570 1496.000000
824.905701 254.018570 1496.000000
807.180115 28.921761 1502.000000
809.809265 31.551014 1502.000000
809.809265 34.180260 1502.000000
809.809265 36.809517 1502.000000
809.809265 44.697269 1502.000000
809.809265 47.326519 1502.000000
812.438599 47.326519 1502.000000
809.809265 49.955765 1502.000000
812.438599 49.955765 1502.000000
820.326294 49.955765 1502.000000
809.809265 52.585026 1502.000000
812.438599 52.585026 1502.000000
820.326294 52.585026 1502.000000
820.326294 57.843521 1502.000000
820.326294 60.472771 1502.000000
809.809265 63.102028 1502.000000
820.326294 63.102028 1502.000000
809.809265 65.731277 1502.000000
809.809265 68.360519 1502.000000
809.809265 70.989777 1502.000000
812.438599 70.989777 1502.000000
812.438599 73.619034 1502.000000
815.067749 73.619034 1502.000000
817.697021 73.619034 1502.000000
812.438599 76.248283 1502.000000
815.067749 76.248283 1502.000000
817.697021 76.248283 1502.000000
820.326294 76.248283 1502.000000
815.067749 78.877533 1502.000000
817.697021 78.877533 1502.000000
820.326294 78.877533 1502.000000
815.067749 81.506783 1502.000000
817.697021 81.506783 1502.000000
820.326294 81.506783 1502.000000
822.955566 81.506783 1502.000000
815.067749 84.136032 1502.000000
817.697021 84.136032 1502.000000
820.326294 84.136032 1502.000000
822.955566 84.136032 1502.000000
812.438599 86.765282 1502.000000
815.067749 86.765282 1502.000000
817.697021 86.765282 1502.000000
820.326294 86.765282 1502.000000
822.955566 86.765282 1502.000000
812.438599 89.394539 1502.000000
815.067749 89.394539 1502.000000
817.697021 89.394539 1502.000000
820.326294 89.394539 1502.000000
822.955566 89.394539 1502.000000
812.438599 92.023788 1502.000000
815.067749 92.023788 1502.000000
817.697021 92.023788 1502.000000
820.326294 92.023788 1502.000000
822.955566 92.023788 1502.000000
812.438599 94.653038 1502.000000
815.067749 94.653038 1502.000000
817.697021 94.653038 1502.000000
820.326294 94.653038 1502.000000
822.955566 94.653038 1502.000000
812.438599 97.282280 1502.000000
815.067749 97.282280 1502.000000
817.697021 97.282280 1502.000000
812.438599 99.911530 1502.000000
815.067749 99.911530 1502.000000
817.697021 99.911530 1502.000000
812.438599 102.540787 1502.000000
815.067749 102.540787 1502.000000
817.697021 102.540787 1502.000000
812.438599 105.170052 1502.000000
815.067749 105.170052 1502.000000
838.731079 105.170052 1502.000000
807.180115 107.799294 1502.000000
812.438599 107.799294 1502.000000
815.067749 107.799294 1502.000000
804.550781 110.428543 1502.000000
807.180115 110.428543 1502.000000
809.809265 110.428543 1502.000000
812.438599 110.428543 1502.000000
815.067749 110.428543 1502.000000
838.731079 110.428543 1502.000000
804.550781 113.057793 1502.000000
807.180115 113.057793 1502.000000
809.809265 113.057793 1502.000000
812.438599 113.057793 1502.000000
838.731079 113.057793 1502.000000
807.180115 115.687042 1502.000000
809.809265 115.687042 1502.000000
812.438599 115.687042 1502.000000
809.809265 118.316292 1502.000000
812.438599 118.316292 1502.000000
815.067749 118.316292 1502.000000
809.809265 120.945541 1502.000000
812.438599 120.945541 1502.000000
815.067749 120.945541 1502.000000
809.809265 123.574799 1502.000000
812.438599 123.574799 1502.000000
815.067749 123.574799 1502.000000
809.809265 126.204056 1502.000000
812.438599 126.204056 1502.000000
809.809265 128.833313 1502.000000
812.438599 128.833313 1502.000000
809.809265 131.462555 1502.000000
812.438599 131.462555 1502.000000
809.809265 134.091797 1502.000000
812.438599 134.091797 1502.000000
807.180115 136.721039 1502.000000
809.809265 136.721039 1502.000000
812.438599 136.721039 1502.000000
804.550781 139.350296 1502.000000
807.180115 139.350296 1502.000000
809.809265 139.350296 1502.000000
812.438599 139.350296 1502.000000
804.550781 141.979553 1502.000000
807.180115 141.979553 1502.000000
809.809265 141.979553 1502.000000
812.438599 141.979553 1502.000000
804.550781 144.608810 1502.000000
807.180115 144.608810 1502.000000
809.809265 144.608810 1502.000000
812.438599 144.608810 1502.000000
804.550781 147.238068 1502.000000
807.180115 147.238068 1502.000000
809.809265 147.238068 1502.000000
812.438599 147.238068 1502.000000
812.438599 149.867310 1502.000000
815.067749 149.867310 1502.000000
809.809265 152.496567 1502.000000
809.809265 155.125809 1502.000000
812.438599 155.125809 1502.000000
809.809265 157.755066 1502.000000
812.438599 157.755066 1502.000000
812.438599 160.384308 1502.000000
815.067749 160.384308 1502.000000
812.438599 163.013565 1502.000000
815.067749 163.013565 1502.000000
809.809265 165.642807 1502.000000
812.438599 165.642807 1502.000000
815.067749 165.642807 1502.000000
812.438599 168.272064 1502.000000
815.067749 168.272064 1502.000000
815.067749 170.901306 1502.000000
817.697021 170.901306 1502.000000
820.326294 170.901306 1502.000000
822.955566 173.530563 1502.000000
825.584900 173.530563 1502.000000
828.214050 173.530563 1502.000000
822.955566 176.159821 1502.000000
822.955566 178.789078 1502.000000
820.326294 181.418335 1502.000000
817.697021 194.564560 1502.000000
817.697021 197.193817 1502.000000
817.697021 199.823059 1502.000000
817.697021 202.452316 1502.000000
812.438599 205.081573 1502.000000
815.067749 205.081573 1502.000000
809.809265 207.710846 1502.000000
812.438599 207.710846 1502.000000
815.067749 207.710846 1502.000000
809.809265 210.340103 1502.000000
812.438599 212.969345 1502.000000
812.438599 215.598587 1502.000000
815.067749 218.227829 1502.000000
815.067749 220.857086 1502.000000
815.067749 223.486328 1502.000000
815.067749 226.115585 1502.000000
815.067749 231.374084 1502.000000
812.438599 234.003342 1502.000000
815.067749 234.003342 1502.000000
809.809265 236.632584 1502.000000
812.438599 236.632584 1502.000000
815.067749 236.632584 1502.000000
812.438599 239.261841 1502.000000
815.067749 239.261841 1502.000000
807.180115 241.891083 1502.000000
812.438599 241.891083 1502.000000
807.180115 244.520355 1502.000000
825.584900 257.666626 1502.000000
805.658875 26.415047 1509.000000
805.658875 29.056549 1509.000000
810.941895 31.698055 1509.000000
810.941895 34.339558 1509.000000
805.658875 36.981064 1509.000000
810.941895 36.981064 1509.000000
813.583374 39.622566 1509.000000
813.583374 42.264069 1509.000000
808.300293 47.547081 1509.000000
808.300293 52.830093 1509.000000
808.300293 55.471596 1509.000000
810.941895 55.471596 1509.000000
810.941895 58.113098 1509.000000
810.941895 60.754601 1509.000000
810.941895 63.396111 1509.000000
810.941895 66.037613 1509.000000
810.941895 71.320625 1509.000000
813.583374 73.962128 1509.000000
813.583374 76.603630 1509.000000
816.224854 79.245132 1509.000000
816.224854 81.886642 1509.000000
810.941895 84.528137 1509.000000
816.224854 84.528137 1509.000000
813.583374 87.169647 1509.000000
813.583374 89.811157 1509.000000
810.941895 95.094162 1509.000000
813.583374 95.094162 1509.000000
808.300293 97.735664 1509.000000
810.941895 97.735664 1509.000000
813.583374 97.735664 1509.000000
805.658875 100.377167 1509.000000
808.300293 100.377167 1509.000000
810.941895 100.377167 1509.000000
813.583374 100.377167 1509.000000
805.658875 103.018669 1509.000000
808.300293 103.018669 1509.000000
810.941895 103.018669 1509.000000
813.583374 103.018669 1509.000000
808.300293 105.660187 1509.000000
810.941895 105.660187 1509.000000
813.583374 105.660187 1509.000000
805.658875 108.301682 1509.000000
808.300293 108.301682 1509.000000
813.583374 108.301682 1509.000000
805.658875 110.943192 1509.000000
805.658875 113.584686 1509.000000
808.300293 116.226196 1509.000000
808.300293 118.867699 1509.000000
810.941895 118.867699 1509.000000
810.941895 121.509201 1509.000000
810.941895 124.150719 1509.000000
810.941895 126.792221 1509.000000
808.300293 129.433716 1509.000000
810.941895 129.433716 1509.000000
808.300293 132.075226 1509.000000
810.941895 132.075226 1509.000000
808.300293 134.716736 1509.000000
810.941895 134.716736 1509.000000
808.300293 137.358231 1509.000000
805.658875 142.641251 1509.000000
805.658875 145.282745 1509.000000
808.300293 150.565765 1509.000000
810.941895 150.565765 1509.000000
813.583374 150.565765 1509.000000
808.300293 153.207260 1509.000000
810.941895 153.207260 1509.000000
816.224854 153.207260 1509.000000
808.300293 155.848755 1509.000000
810.941895 155.848755 1509.000000
810.941895 158.490265 1509.000000
810.941895 161.131790 1509.000000
813.583374 161.131790 1509.000000
810.941895 163.773285 1509.000000
813.583374 163.773285 1509.000000
810.941895 166.414780 1509.000000
810.941895 169.056274 1509.000000
813.583374 169.056274 1509.000000
813.583374 171.697800 1509.000000
816.224854 171.697800 1509.000000
816.224854 174.339294 1509.000000
818.866394 174.339294 1509.000000
821.507874 174.339294 1509.000000
824.149353 174.339294 1509.000000
816.224854 176.980789 1509.000000
818.866394 176.980789 1509.000000
821.507874 176.980789 1509.000000
824.149353 176.980789 1509.000000
816.224854 179.622314 1509.000000
818.866394 179.622314 1509.000000
821.507874 179.622314 1509.000000
824.149353 179.622314 1509.000000
816.224854 182.263809 1509.000000
818.866394 182.263809 1509.000000
821.507874 182.263809 1509.000000
818.866394 184.905319 1509.000000
824.149353 184.905319 1509.000000
824.149353 187.546814 1509.000000
824.149353 190.188324 1509.000000
816.224854 195.471329 1509.000000
818.866394 195.471329 1509.000000
816.224854 198.112823 1509.000000
818.866394 198.112823 1509.000000
816.224854 200.754333 1509.000000
816.224854 203.395844 1509.000000
818.866394 203.395844 1509.000000
813.583374 206.037338 1509.000000
810.941895 208.678879 1509.000000
810.941895 211.320374 1509.000000
813.583374 213.961868 1509.000000
813.583374 216.603363 1509.000000
816.224854 219.244888 1509.000000
813.583374 221.886383 1509.000000
816.224854 221.886383 1509.000000
816.224854 224.527878 1509.000000
816.224854 227.169373 1509.000000
816.224854 229.810898 1509.000000
818.866394 229.810898 1509.000000
813.583374 232.452393 1509.000000
816.224854 232.452393 1509.000000
813.583374 235.093887 1509.000000
810.941895 240.376907 1509.000000
795.602234 21.216061 1515.000000
795.602234 23.868067 1515.000000
806.210266 23.868067 1515.000000
806.210266 26.520077 1515.000000
811.514282 26.520077 1515.000000
806.210266 29.172083 1515.000000
811.514282 29.172083 1515.000000
806.210266 31.824093 1515.000000
808.862305 31.824093 1515.000000
811.514282 31.824093 1515.000000
806.210266 34.476097 1515.000000
808.862305 34.476097 1515.000000
811.514282 34.476097 1515.000000
806.210266 37.128105 1515.000000
811.514282 37.128105 1515.000000
808.862305 39.780113 1515.000000
811.514282 39.780113 1515.000000
814.166321 39.780113 1515.000000
811.514282 42.432121 1515.000000
814.166321 42.432121 1515.000000
808.862305 45.084129 1515.000000
811.514282 45.084129 1515.000000
814.166321 45.084129 1515.000000
808.862305 47.736134 1515.000000
814.166321 47.736134 1515.000000
808.862305 50.388142 1515.000000
811.514282 50.388142 1515.000000
814.166321 50.388142 1515.000000
814.166321 53.040154 1515.000000
811.514282 58.344166 1515.000000
811.514282 60.996170 1515.000000
814.166321 68.952194 1515.000000
814.166321 74.256210 1515.000000
814.166321 76.908218 1515.000000
814.166321 79.560226 1515.000000
816.818298 79.560226 1515.000000
814.166321 82.212242 1515.000000
816.818298 82.212242 1515.000000
811.514282 84.864243 1515.000000
816.818298 84.864243 1515.000000
814.166321 87.516251 1515.000000
814.166321 90.168259 1515.000000
811.514282 92.820267 1515.000000
814.166321 92.820267 1515.000000
816.818298 92.820267 1515.000000
811.514282 95.472267 1515.000000
808.862305 98.124283 1515.000000
803.558289 103.428291 1515.000000
803.558289 106.080307 1515.000000
808.862305 106.080307 1515.000000
803.558289 108.732315 1515.000000
806.210266 108.732315 1515.000000
803.558289 111.384315 1515.000000
806.210266 111.384315 1515.000000
808.862305 116.688332 1515.000000
808.862305 119.340340 1515.000000
808.862305 121.992340 1515.000000
811.514282 121.992340 1515.000000
811.514282 124.644363 1515.000000
811.514282 127.296371 1515.000000
808.862305 129.948380 1515.000000
808.862305 137.904388 1515.000000
808.862305 140.556396 1515.000000
811.514282 159.120453 1515.000000
814.166321 172.380493 1515.000000
814.166321 175.032501 1515.000000
816.818298 175.032501 1515.000000
814.166321 177.684494 1515.000000
816.818298 177.684494 1515.000000
814.166321 180.336517 1515.000000
816.818298 180.336517 1515.000000
814.166321 182.988525 1515.000000
816.818298 182.988525 1515.000000
819.470337 185.640533 1515.000000
824.774414 185.640533 1515.000000
819.470337 188.292526 1515.000000
822.122253 188.292526 1515.000000
824.774414 188.292526 1515.000000
822.122253 190.944534 1515.000000
814.166321 193.596542 1515.000000
816.818298 193.596542 1515.000000
819.470337 193.596542 1515.000000
822.122253 193.596542 1515.000000
824.774414 193.596542 1515.000000
811.514282 196.248566 1515.000000
814.166321 196.248566 1515.000000
816.818298 196.248566 1515.000000
814.166321 198.900558 1515.000000
816.818298 198.900558 1515.000000
814.166321 201.552567 1515.000000
816.818298 201.552567 1515.000000
822.122253 201.552567 1515.000000
816.818298 204.204575 1515.000000
814.166321 206.856583 1515.000000
808.862305 209.508606 1515.000000
811.514282 209.508606 1515.000000
806.210266 212.160614 1515.000000
808.862305 212.160614 1515.000000
811.514282 212.160614 1515.000000
814.166321 214.812622 1515.000000
816.818298 220.116623 1515.000000
816.818298 225.420639 1515.000000
816.818298 228.072647 1515.000000
816.818298 230.724655 1515.000000
814.166321 236.028671 1515.000000
814.166321 238.680679 1515.000000
811.514282 241.332687 1515.000000
811.514282 243.984680 1515.000000
791.285583 18.649828 1522.000000
801.942566 18.649828 1522.000000
788.621277 21.314089 1522.000000
801.942566 21.314089 1522.000000
804.606812 21.314089 1522.000000
785.957031 23.978350 1522.000000
788.621277 23.978350 1522.000000
796.614075 23.978350 1522.000000
801.942566 23.978350 1522.000000
804.606812 23.978350 1522.000000
807.271118 23.978350 1522.000000
785.957031 26.642611 1522.000000
799.278259 26.642611 1522.000000
801.942566 26.642611 1522.000000
804.606812 26.642611 1522.000000
807.271118 26.642611 1522.000000
799.278259 29.306870 1522.000000
801.942566 29.306870 1522.000000
804.606812 29.306870 1522.000000
807.271118 29.306870 1522.000000
807.271118 31.971134 1522.000000
809.935303 39.963913 1522.000000
809.935303 42.628178 1522.000000
812.599609 42.628178 1522.000000
812.599609 53.285221 1522.000000
812.599609 55.949482 1522.000000
815.263794 63.942268 1522.000000
815.263794 66.606522 1522.000000
815.263794 71.935051 1522.000000
815.263794 77.263573 1522.000000
815.263794 79.927826 1522.000000
815.263794 82.592094 1522.000000
815.263794 87.920616 1522.000000
812.599609 90.584877 1522.000000
815.263794 90.584877 1522.000000
812.599609 93.249138 1522.000000
812.599609 95.913399 1522.000000
807.271118 98.577660 1522.000000
809.935303 98.577660 1522.000000
807.271118 101.241913 1522.000000
809.935303 101.241913 1522.000000
804.606812 103.906174 1522.000000
809.935303 103.906174 1522.000000
804.606812 106.570442 1522.000000
809.935303 106.570442 1522.000000
804.606812 109.234703 1522.000000
804.606812 111.898964 1522.000000
807.271118 114.563217 1522.000000
809.935303 114.563217 1522.000000
809.935303 117.227478 1522.000000
809.935303 119.891739 1522.000000
809.935303 122.556000 1522.000000
809.935303 125.220268 1522.000000
812.599609 125.220268 1522.000000
812.599609 127.884537 1522.000000
809.935303 130.548798 1522.000000
812.599609 133.213043 1522.000000
812.599609 135.877304 1522.000000
809.935303 141.205826 1522.000000
809.935303 143.870102 1522.000000
812.599609 149.198624 1522.000000
812.599609 151.862869 1522.000000
812.599609 154.527145 1522.000000
812.599609 157.191391 1522.000000
812.599609 159.855652 1522.000000
815.263794 162.519928 1522.000000
815.263794 165.184189 1522.000000
812.599609 167.848434 1522.000000
815.263794 167.848434 1522.000000
812.599609 170.512711 1522.000000
815.263794 170.512711 1522.000000
815.263794 173.176956 1522.000000
815.263794 178.505478 1522.000000
815.263794 181.169754 1522.000000
812.599609 183.834015 1522.000000
815.263794 183.834015 1522.000000
815.263794 186.498276 1522.000000
817.928162 186.498276 1522.000000
820.592346 186.498276 1522.000000
815.263794 189.162537 1522.000000
817.928162 189.162537 1522.000000
820.592346 189.162537 1522.000000
817.928162 191.826797 1522.000000
820.592346 191.826797 1522.000000
823.256653 191.826797 1522.000000
828.585144 191.826797 1522.000000
812.599609 194.491043 1522.000000
815.263794 194.491043 1522.000000
812.599609 197.155319 1522.000000
812.599609 199.819565 1522.000000
815.263794 199.819565 1522.000000
812.599609 202.483826 1522.000000
815.263794 202.483826 1522.000000
815.263794 205.148087 1522.000000
817.928162 205.148087 1522.000000
812.599609 207.812347 1522.000000
815.263794 207.812347 1522.000000
807.271118 210.476639 1522.000000
809.935303 210.476639 1522.000000
807.271118 213.140884 1522.000000
807.271118 215.805145 1522.000000
809.935303 215.805145 1522.000000
812.599609 215.805145 1522.000000
815.263794 215.805145 1522.000000
807.271118 218.469406 1522.000000
809.935303 218.469406 1522.000000
812.599609 218.469406 1522.000000
815.263794 218.469406 1522.000000
817.928162 218.469406 1522.000000
807.271118 221.133667 1522.000000
809.935303 221.133667 1522.000000
812.599609 221.133667 1522.000000
815.263794 221.133667 1522.000000
817.928162 221.133667 1522.000000
807.271118 223.797928 1522.000000
809.935303 223.797928 1522.000000
812.599609 223.797928 1522.000000
815.263794 223.797928 1522.000000
817.928162 223.797928 1522.000000
807.271118 226.462189 1522.000000
809.935303 226.462189 1522.000000
812.599609 226.462189 1522.000000
815.263794 226.462189 1522.000000
817.928162 226.462189 1522.000000
815.263794 229.126434 1522.000000
817.928162 229.126434 1522.000000
817.928162 231.790710 1522.000000
817.928162 234.454956 1522.000000
815.263794 237.119232 1522.000000
815.263794 239.783478 1522.000000
800.277893 16.059088 1529.000000
792.248291 18.735603 1529.000000
797.601318 18.735603 1529.000000
800.277893 18.735603 1529.000000
794.924866 21.412117 1529.000000
797.601318 21.412117 1529.000000
800.277893 21.412117 1529.000000
794.924866 24.088633 1529.000000
797.601318 24.088633 1529.000000
797.601318 26.765148 1529.000000
800.277893 26.765148 1529.000000
800.277893 29.441660 1529.000000
802.954346 32.118176 1529.000000
805.630920 32.118176 1529.000000
808.307434 32.118176 1529.000000
802.954346 34.794689 1529.000000
805.630920 34.794689 1529.000000
808.307434 34.794689 1529.000000
810.983948 34.794689 1529.000000
808.307434 37.471207 1529.000000
810.983948 37.471207 1529.000000
810.983948 40.147717 1529.000000
810.983948 42.824234 1529.000000
813.660461 45.500751 1529.000000
813.660461 48.177265 1529.000000
813.660461 50.853779 1529.000000
813.660461 53.530296 1529.000000
816.336975 58.883320 1529.000000
816.336975 61.559834 1529.000000
819.013489 69.589378 1529.000000
816.336975 74.942413 1529.000000
819.013489 74.942413 1529.000000
816.336975 77.618927 1529.000000
813.660461 80.295433 1529.000000
816.336975 80.295433 1529.000000
813.660461 82.971954 1529.000000
816.336975 82.971954 1529.000000
813.660461 85.648468 1529.000000
816.336975 85.648468 1529.000000
816.336975 88.324982 1529.000000
810.983948 93.678009 1529.000000
813.660461 93.678009 1529.000000
810.983948 96.354530 1529.000000
813.660461 96.354530 1529.000000
808.307434 99.031036 1529.000000
808.307434 101.707558 1529.000000
805.630920 104.384064 1529.000000
805.630920 107.060593 1529.000000
805.630920 109.737106 1529.000000
805.630920 112.413612 1529.000000
805.630920 115.090134 1529.000000
808.307434 115.090134 1529.000000
805.630920 117.766640 1529.000000
808.307434 117.766640 1529.000000
810.983948 117.766640 1529.000000
808.307434 120.443161 1529.000000
810.983948 120.443161 1529.000000
810.983948 123.119667 1529.000000
810.983948 125.796196 1529.000000
813.660461 128.472702 1529.000000
810.983948 131.149216 1529.000000
813.660461 133.825729 1529.000000
813.660461 136.502258 1529.000000
813.660461 139.178757 1529.000000
813.660461 147.208298 1529.000000
813.660461 149.884827 1529.000000
813.660461 155.237854 1529.000000
813.660461 157.914352 1529.000000
813.660461 160.590866 1529.000000
813.660461 163.267410 1529.000000
816.336975 163.267410 1529.000000
810.983948 165.943909 1529.000000
813.660461 165.943909 1529.000000
816.336975 165.943909 1529.000000
810.983948 168.620422 1529.000000
813.660461 168.620422 1529.000000
810.983948 171.296936 1529.000000
813.660461 171.296936 1529.000000
810.983948 173.973450 1529.000000
813.660461 173.973450 1529.000000
816.336975 173.973450 1529.000000
813.660461 176.649963 1529.000000
816.336975 176.649963 1529.000000
819.013489 176.649963 1529.000000
810.983948 179.326477 1529.000000
813.660461 179.326477 1529.000000
816.336975 179.326477 1529.000000
813.660461 182.003006 1529.000000
816.336975 182.003006 1529.000000
810.983948 184.679504 1529.000000
813.660461 184.679504 1529.000000
813.660461 187.356018 1529.000000
816.336975 187.356018 1529.000000
813.660461 190.032547 1529.000000
816.336975 190.032547 1529.000000
816.336975 192.709061 1529.000000
819.013489 192.709061 1529.000000
813.660461 195.385559 1529.000000
813.660461 198.062073 1529.000000
813.660461 200.738586 1529.000000
813.660461 203.415115 1529.000000
813.660461 206.091614 1529.000000
816.336975 206.091614 1529.000000
810.983948 208.768127 1529.000000
813.660461 208.768127 1529.000000
808.307434 211.444672 1529.000000
808.307434 214.121185 1529.000000
808.307434 216.797699 1529.000000
808.307434 219.474213 1529.000000
808.307434 222.150726 1529.000000
808.307434 224.827225 1529.000000
808.307434 227.503754 1529.000000
808.307434 230.180267 1529.000000
810.983948 230.180267 1529.000000
813.660461 230.180267 1529.000000
816.336975 230.180267 1529.000000
808.307434 232.856781 1529.000000
810.983948 232.856781 1529.000000
813.660461 232.856781 1529.000000
816.336975 232.856781 1529.000000
819.013489 232.856781 1529.000000
816.336975 235.533279 1529.000000
819.013489 235.533279 1529.000000
813.660461 238.209793 1529.000000
816.336975 238.209793 1529.000000
813.660461 240.886322 1529.000000
816.336975 240.886322 1529.000000
813.660461 243.562836 1529.000000
816.336975 243.562836 1529.000000
816.336975 246.239334 1529.000000
816.336975 248.915878 1529.000000
819.013489 248.915878 1529.000000
819.013489 251.592392 1529.000000
821.690002 251.592392 1529.000000
819.013489 254.268921 1529.000000
795.875366 26.887682 1536.000000
798.564148 26.887682 1536.000000
801.252930 29.576448 1536.000000
803.941650 32.265221 1536.000000
806.630432 37.642754 1536.000000
809.319214 37.642754 1536.000000
809.319214 40.331520 1536.000000
812.007935 40.331520 1536.000000
809.319214 43.020290 1536.000000
812.007935 43.020290 1536.000000
814.696716 45.709057 1536.000000
814.696716 56.464130 1536.000000
817.385498 56.464130 1536.000000
809.319214 59.152897 1536.000000
814.696716 59.152897 1536.000000
817.385498 59.152897 1536.000000
814.696716 61.841663 1536.000000
814.696716 64.530441 1536.000000
820.074280 64.530441 1536.000000
814.696716 67.219208 1536.000000
820.074280 67.219208 1536.000000
812.007935 69.907974 1536.000000
814.696716 69.907974 1536.000000
820.074280 69.907974 1536.000000
812.007935 72.596741 1536.000000
814.696716 72.596741 1536.000000
817.385498 72.596741 1536.000000
820.074280 72.596741 1536.000000
812.007935 75.285507 1536.000000
814.696716 75.285507 1536.000000
817.385498 75.285507 1536.000000
812.007935 77.974274 1536.000000
814.696716 77.974274 1536.000000
817.385498 77.974274 1536.000000
812.007935 80.663040 1536.000000
814.696716 80.663040 1536.000000
812.007935 83.351814 1536.000000
814.696716 83.351814 1536.000000
812.007935 86.040581 1536.000000
814.696716 86.040581 1536.000000
814.696716 88.729347 1536.000000
817.385498 88.729347 1536.000000
814.696716 91.418114 1536.000000
817.385498 91.418114 1536.000000
812.007935 94.106880 1536.000000
812.007935 96.795647 1536.000000
809.319214 99.484421 1536.000000
809.319214 102.173187 1536.000000
809.319214 120.994560 1536.000000
809.319214 123.683327 1536.000000
812.007935 123.683327 1536.000000
809.319214 126.372101 1536.000000
812.007935 126.372101 1536.000000
814.696716 129.060883 1536.000000
812.007935 131.749649 1536.000000
812.007935 134.438416 1536.000000
814.696716 134.438416 1536.000000
812.007935 142.504700 1536.000000
817.385498 153.259781 1536.000000
814.696716 155.948547 1536.000000
814.696716 158.637314 1536.000000
814.696716 161.326080 1536.000000
814.696716 164.014862 1536.000000
812.007935 169.392395 1536.000000
812.007935 172.081161 1536.000000
812.007935 174.769928 1536.000000
809.319214 177.458694 1536.000000
812.007935 177.458694 1536.000000
814.696716 177.458694 1536.000000
812.007935 180.147461 1536.000000
812.007935 182.836227 1536.000000
814.696716 182.836227 1536.000000
812.007935 185.524994 1536.000000
814.696716 188.213760 1536.000000
812.007935 190.902527 1536.000000
814.696716 190.902527 1536.000000
814.696716 193.591293 1536.000000
817.385498 193.591293 1536.000000
814.696716 196.280060 1536.000000
814.696716 198.968842 1536.000000
814.696716 201.657608 1536.000000
814.696716 204.346375 1536.000000
814.696716 207.035141 1536.000000
812.007935 209.723907 1536.000000
809.319214 212.412689 1536.000000
809.319214 215.101456 1536.000000
809.319214 220.479004 1536.000000
809.319214 223.167755 1536.000000
809.319214 225.856522 1536.000000
809.319214 228.545288 1536.000000
809.319214 231.234055 1536.000000
809.319214 233.922821 1536.000000
812.007935 236.611588 1536.000000
814.696716 236.611588 1536.000000
817.385498 236.611588 1536.000000
812.007935 239.300354 1536.000000
814.696716 239.300354 1536.000000
812.007935 241.989120 1536.000000
814.696716 241.989120 1536.000000
814.696716 244.677887 1536.000000
814.696716 247.366653 1536.000000
817.385498 247.366653 1536.000000
814.696716 250.055435 1536.000000
825.451782 255.432968 1536.000000
822.763000 258.121765 1536.000000
825.451782 258.121765 1536.000000
809.781311 40.489067 1542.000000
809.781311 45.887611 1542.000000
812.480652 45.887611 1542.000000
815.179871 45.887611 1542.000000
815.179871 48.586884 1542.000000
817.879211 48.586884 1542.000000
812.480652 51.286148 1542.000000
815.179871 51.286148 1542.000000
817.879211 51.286148 1542.000000
812.480652 53.985424 1542.000000
815.179871 53.985424 1542.000000
817.879211 53.985424 1542.000000
812.480652 56.684696 1542.000000
815.179871 56.684696 1542.000000
815.179871 59.383965 1542.000000
809.781311 62.083233 1542.000000
812.480652 62.083233 1542.000000
815.179871 62.083233 1542.000000
820.578369 62.083233 1542.000000
812.480652 64.782509 1542.000000
815.179871 64.782509 1542.000000
820.578369 64.782509 1542.000000
812.480652 67.481781 1542.000000
815.179871 67.481781 1542.000000
820.578369 67.481781 1542.000000
812.480652 70.181053 1542.000000
820.578369 70.181053 1542.000000
812.480652 72.880325 1542.000000
812.480652 75.579590 1542.000000
812.480652 78.278862 1542.000000
815.179871 89.075943 1542.000000
815.179871 91.775223 1542.000000
812.480652 94.474495 1542.000000
812.480652 97.173767 1542.000000
807.082092 105.271568 1542.000000
809.781311 105.271568 1542.000000
807.082092 107.970848 1542.000000
809.781311 107.970848 1542.000000
804.382813 110.670120 1542.000000
807.082092 110.670120 1542.000000
809.781311 110.670120 1542.000000
804.382813 113.369392 1542.000000
807.082092 113.369392 1542.000000
809.781311 113.369392 1542.000000
807.082092 116.068665 1542.000000
809.781311 116.068665 1542.000000
807.082092 118.767929 1542.000000
809.781311 118.767929 1542.000000
807.082092 121.467201 1542.000000
809.781311 121.467201 1542.000000
807.082092 124.166466 1542.000000
809.781311 124.166466 1542.000000
809.781311 126.865746 1542.000000
812.480652 129.565018 1542.000000
815.179871 129.565018 1542.000000
812.480652 132.264282 1542.000000
817.879211 137.662827 1542.000000
817.879211 140.362106 1542.000000
817.879211 143.061371 1542.000000
815.179871 145.760651 1542.000000
817.879211 145.760651 1542.000000
817.879211 148.459915 1542.000000
815.179871 151.159180 1542.000000
817.879211 151.159180 1542.000000
817.879211 153.858459 1542.000000
815.179871 156.557724 1542.000000
815.179871 159.256989 1542.000000
815.179871 161.956268 1542.000000
815.179871 164.655548 1542.000000
815.179871 167.354828 1542.000000
812.480652 170.054092 1542.000000
812.480652 172.753342 1542.000000
809.781311 175.452621 1542.000000
812.480652 175.452621 1542.000000
809.781311 178.151886 1542.000000
812.480652 180.851166 1542.000000
812.480652 183.550446 1542.000000
812.480652 186.249725 1542.000000
812.480652 188.948990 1542.000000
815.179871 188.948990 1542.000000
812.480652 191.648254 1542.000000
812.480652 194.347534 1542.000000
815.179871 194.347534 1542.000000
815.179871 197.046783 1542.000000
815.179871 199.746063 1542.000000
815.179871 202.445328 1542.000000
815.179871 205.144592 1542.000000
815.179871 207.843872 1542.000000
812.480652 210.543137 1542.000000
809.781311 213.242432 1542.000000
812.480652 218.640961 1542.000000
809.781311 226.738785 1542.000000
809.781311 229.438049 1542.000000
809.781311 232.137329 1542.000000
809.781311 234.836594 1542.000000
812.480652 237.535858 1542.000000
809.781311 240.235138 1542.000000
812.480652 240.235138 1542.000000
807.082092 242.934402 1542.000000
809.781311 242.934402 1542.000000
812.480652 242.934402 1542.000000
807.082092 245.633667 1542.000000
809.781311 245.633667 1542.000000
812.480652 245.633667 1542.000000
815.179871 245.633667 1542.000000
807.082092 248.332932 1542.000000
812.480652 248.332932 1542.000000
815.179871 248.332932 1542.000000
812.480652 251.032227 1542.000000
813.457397 43.384396 1549.000000
816.168884 48.807442 1549.000000
813.457397 51.518967 1549.000000
813.457397 54.230495 1549.000000
810.745911 56.942020 1549.000000
813.457397 56.942020 1549.000000
810.745911 59.653538 1549.000000
813.457397 59.653538 1549.000000
810.745911 62.365063 1549.000000
810.745911 65.076591 1549.000000
813.457397 65.076591 1549.000000
810.745911 67.788116 1549.000000
813.457397 67.788116 1549.000000
810.745911 70.499634 1549.000000
813.457397 70.499634 1549.000000
810.745911 73.211174 1549.000000
813.457397 73.211174 1549.000000
808.034302 75.922691 1549.000000
810.745911 75.922691 1549.000000
813.457397 75.922691 1549.000000
810.745911 78.634209 1549.000000
813.457397 78.634209 1549.000000
816.168884 81.345734 1549.000000
816.168884 84.057266 1549.000000
816.168884 86.768791 1549.000000
816.168884 89.480309 1549.000000
816.168884 92.191841 1549.000000
810.745911 103.037933 1549.000000
808.034302 105.749458 1549.000000
808.034302 108.460991 1549.000000
808.034302 116.595558 1549.000000
808.034302 119.307076 1549.000000
808.034302 122.018608 1549.000000
808.034302 124.730125 1549.000000
810.745911 127.441658 1549.000000
813.457397 130.153183 1549.000000
813.457397 132.864716 1549.000000
816.168884 135.576233 1549.000000
818.880432 138.287750 1549.000000
818.880432 140.999268 1549.000000
816.168884 143.710800 1549.000000
818.880432 149.133865 1549.000000
818.880432 154.556900 1549.000000
813.457397 157.268417 1549.000000
816.168884 157.268417 1549.000000
810.745911 159.979950 1549.000000
813.457397 159.979950 1549.000000
816.168884 159.979950 1549.000000
810.745911 162.691467 1549.000000
813.457397 162.691467 1549.000000
816.168884 162.691467 1549.000000
810.745911 165.403015 1549.000000
813.457397 165.403015 1549.000000
816.168884 165.403015 1549.000000
810.745911 168.114532 1549.000000
813.457397 168.114532 1549.000000
816.168884 168.114532 1549.000000
810.745911 170.826050 1549.000000
813.457397 170.826050 1549.000000
810.745911 173.537582 1549.000000
813.457397 173.537582 1549.000000
810.745911 176.249100 1549.000000
810.745911 178.960617 1549.000000
810.745911 181.672134 1549.000000
813.457397 181.672134 1549.000000
810.745911 184.383682 1549.000000
813.457397 184.383682 1549.000000
810.745911 187.095215 1549.000000
813.457397 187.095215 1549.000000
813.457397 189.806732 1549.000000
813.457397 192.518250 1549.000000
810.745911 195.229767 1549.000000
813.457397 195.229767 1549.000000
816.168884 197.941284 1549.000000
816.168884 200.652817 1549.000000
813.457397 203.364349 1549.000000
816.168884 203.364349 1549.000000
813.457397 206.075867 1549.000000
816.168884 206.075867 1549.000000
813.457397 208.787384 1549.000000
816.168884 208.787384 1549.000000
813.457397 211.498917 1549.000000
810.745911 214.210449 1549.000000
810.745911 216.921982 1549.000000
813.457397 216.921982 1549.000000
791.765137 219.633499 1549.000000
810.745911 219.633499 1549.000000
813.457397 219.633499 1549.000000
810.745911 222.345032 1549.000000
813.457397 222.345032 1549.000000
813.457397 225.056549 1549.000000
810.745911 227.768082 1549.000000
808.034302 230.479599 1549.000000
810.745911 230.479599 1549.000000
808.034302 233.191116 1549.000000
810.745911 233.191116 1549.000000
810.745911 235.902634 1549.000000
810.745911 238.614151 1549.000000
813.457397 238.614151 1549.000000
810.745911 241.325699 1549.000000
808.034302 246.748734 1549.000000
813.457397 249.460251 1549.000000
810.745911 252.171814 1549.000000
813.457397 252.171814 1549.000000
814.409668 35.409115 1556.000000
814.409668 38.132896 1556.000000
814.409668 40.856670 1556.000000
814.409668 43.580452 1556.000000
814.409668 46.304230 1556.000000
814.409668 49.028004 1556.000000
817.133423 49.028004 1556.000000
814.409668 51.751781 1556.000000
814.409668 54.475563 1556.000000
811.685852 59.923115 1556.000000
808.962097 62.646896 1556.000000
811.685852 62.646896 1556.000000
811.685852 65.370682 1556.000000
811.685852 68.094452 1556.000000
811.685852 70.818230 1556.000000
811.685852 73.542015 1556.000000
811.685852 78.989563 1556.000000
811.685852 81.713341 1556.000000
814.409668 81.713341 1556.000000
817.133423 81.713341 1556.000000
811.685852 84.437126 1556.000000
814.409668 84.437126 1556.000000
817.133423 84.437126 1556.000000
811.685852 87.160904 1556.000000
814.409668 87.160904 1556.000000
817.133423 87.160904 1556.000000
811.685852 89.884674 1556.000000
814.409668 89.884674 1556.000000
811.685852 92.608459 1556.000000
814.409668 92.608459 1556.000000
817.133423 92.608459 1556.000000
811.685852 95.332237 1556.000000
814.409668 95.332237 1556.000000
817.133423 95.332237 1556.000000
811.685852 98.056007 1556.000000
814.409668 98.056007 1556.000000
817.133423 98.056007 1556.000000
811.685852 100.779785 1556.000000
814.409668 100.779785 1556.000000
817.133423 100.779785 1556.000000
817.133423 103.503563 1556.000000
800.790710 125.293793 1556.000000
808.962097 125.293793 1556.000000
795.343140 128.017578 1556.000000
800.790710 128.017578 1556.000000
808.962097 128.017578 1556.000000
811.685852 128.017578 1556.000000
795.343140 130.741364 1556.000000
814.409668 130.741364 1556.000000
795.343140 133.465134 1556.000000
814.409668 133.465134 1556.000000
795.343140 136.188904 1556.000000
817.133423 136.188904 1556.000000
795.343140 138.912674 1556.000000
819.857239 138.912674 1556.000000
795.343140 141.636459 1556.000000
819.857239 141.636459 1556.000000
819.857239 147.084030 1556.000000
819.857239 149.807800 1556.000000
817.133423 152.531586 1556.000000
819.857239 152.531586 1556.000000
814.409668 155.255341 1556.000000
817.133423 155.255341 1556.000000
819.857239 155.255341 1556.000000
814.409668 157.979126 1556.000000
811.685852 160.702896 1556.000000
811.685852 163.426682 1556.000000
811.685852 185.216919 1556.000000
806.238281 187.940689 1556.000000
808.962097 187.940689 1556.000000
811.685852 187.940689 1556.000000
808.962097 190.664474 1556.000000
811.685852 190.664474 1556.000000
814.409668 190.664474 1556.000000
811.685852 193.388245 1556.000000
814.409668 193.388245 1556.000000
808.962097 196.112015 1556.000000
811.685852 196.112015 1556.000000
811.685852 198.835785 1556.000000
814.409668 198.835785 1556.000000
817.133423 198.835785 1556.000000
811.685852 201.559570 1556.000000
814.409668 201.559570 1556.000000
817.133423 201.559570 1556.000000
811.685852 204.283356 1556.000000
814.409668 204.283356 1556.000000
814.409668 207.007126 1556.000000
795.343140 209.730911 1556.000000
814.409668 209.730911 1556.000000
795.343140 212.454681 1556.000000
814.409668 212.454681 1556.000000
795.343140 215.178482 1556.000000
798.067017 215.178482 1556.000000
800.790710 215.178482 1556.000000
803.514526 215.178482 1556.000000
811.685852 215.178482 1556.000000
795.343140 217.902252 1556.000000
798.067017 217.902252 1556.000000
800.790710 217.902252 1556.000000
803.514526 217.902252 1556.000000
811.685852 217.902252 1556.000000
798.067017 220.626022 1556.000000
800.790710 220.626022 1556.000000
803.514526 220.626022 1556.000000
811.685852 220.626022 1556.000000
795.343140 223.349808 1556.000000
798.067017 223.349808 1556.000000
800.790710 223.349808 1556.000000
803.514526 223.349808 1556.000000
811.685852 223.349808 1556.000000
795.343140 226.073578 1556.000000
798.067017 226.073578 1556.000000
800.790710 226.073578 1556.000000
803.514526 226.073578 1556.000000
811.685852 226.073578 1556.000000
814.409668 226.073578 1556.000000
795.343140 228.797363 1556.000000
798.067017 228.797363 1556.000000
800.790710 228.797363 1556.000000
803.514526 228.797363 1556.000000
808.962097 228.797363 1556.000000
811.685852 228.797363 1556.000000
795.343140 231.521149 1556.000000
798.067017 231.521149 1556.000000
800.790710 231.521149 1556.000000
803.514526 231.521149 1556.000000
808.962097 231.521149 1556.000000
795.343140 234.244919 1556.000000
803.514526 234.244919 1556.000000
808.962097 234.244919 1556.000000
808.962097 236.968689 1556.000000
811.685852 236.968689 1556.000000
811.685852 239.692459 1556.000000
811.685852 242.416245 1556.000000
811.685852 245.140015 1556.000000
808.962097 247.863800 1556.000000
808.962097 250.587585 1556.000000
811.685852 250.587585 1556.000000
812.601379 32.832382 1563.000000
798.921143 35.568409 1563.000000
809.865295 35.568409 1563.000000
815.337341 35.568409 1563.000000
815.337341 38.304440 1563.000000
815.337341 46.512535 1563.000000
812.601379 51.984596 1563.000000
815.337341 51.984596 1563.000000
815.337341 54.720634 1563.000000
812.601379 57.456661 1563.000000
815.337341 57.456661 1563.000000
812.601379 60.192692 1563.000000
809.865295 62.928722 1563.000000
798.921143 65.664764 1563.000000
812.601379 65.664764 1563.000000
798.921143 68.400787 1563.000000
812.601379 68.400787 1563.000000
812.601379 71.136818 1563.000000
812.601379 73.872856 1563.000000
812.601379 76.608879 1563.000000
820.809448 90.289040 1563.000000
812.601379 93.025070 1563.000000
812.601379 95.761108 1563.000000
815.337341 103.969193 1563.000000
804.393250 123.121422 1563.000000
812.601379 123.121422 1563.000000
798.921143 125.857445 1563.000000
801.657288 125.857445 1563.000000
807.129333 125.857445 1563.000000
809.865295 125.857445 1563.000000
801.657288 128.593491 1563.000000
807.129333 128.593491 1563.000000
809.865295 128.593491 1563.000000
801.657288 131.329529 1563.000000
804.393250 131.329529 1563.000000
807.129333 131.329529 1563.000000
809.865295 131.329529 1563.000000
812.601379 131.329529 1563.000000
815.337341 131.329529 1563.000000
801.657288 134.065536 1563.000000
804.393250 134.065536 1563.000000
809.865295 134.065536 1563.000000
801.657288 136.801575 1563.000000
804.393250 136.801575 1563.000000
807.129333 136.801575 1563.000000
818.073425 136.801575 1563.000000
801.657288 139.537598 1563.000000
804.393250 139.537598 1563.000000
807.129333 139.537598 1563.000000
801.657288 142.273636 1563.000000
804.393250 142.273636 1563.000000
807.129333 142.273636 1563.000000
798.921143 145.009674 1563.000000
818.073425 145.009674 1563.000000
820.809448 145.009674 1563.000000
818.073425 150.481735 1563.000000
820.809448 150.481735 1563.000000
818.073425 153.217758 1563.000000
815.337341 158.689819 1563.000000
812.601379 161.425858 1563.000000
812.601379 164.161896 1563.000000
815.337341 166.897919 1563.000000
815.337341 169.633957 1563.000000
815.337341 172.369980 1563.000000
815.337341 175.106018 1563.000000
815.337341 177.842056 1563.000000
809.865295 180.578079 1563.000000
815.337341 180.578079 1563.000000
809.865295 183.314117 1563.000000
815.337341 183.314117 1563.000000
798.921143 186.050140 1563.000000
809.865295 186.050140 1563.000000
812.601379 186.050140 1563.000000
807.129333 188.786179 1563.000000
807.129333 191.522217 1563.000000
809.865295 191.522217 1563.000000
807.129333 194.258240 1563.000000
809.865295 194.258240 1563.000000
812.601379 194.258240 1563.000000
807.129333 196.994278 1563.000000
809.865295 196.994278 1563.000000
807.129333 199.730286 1563.000000
809.865295 199.730286 1563.000000
812.601379 199.730286 1563.000000
807.129333 202.466324 1563.000000
809.865295 202.466324 1563.000000
812.601379 202.466324 1563.000000
807.129333 205.202362 1563.000000
809.865295 205.202362 1563.000000
812.601379 205.202362 1563.000000
798.921143 207.938385 1563.000000
807.129333 207.938385 1563.000000
809.865295 207.938385 1563.000000
812.601379 207.938385 1563.000000
815.337341 207.938385 1563.000000
807.129333 210.674423 1563.000000
815.337341 210.674423 1563.000000
801.657288 213.410446 1563.000000
804.393250 213.410446 1563.000000
807.129333 213.410446 1563.000000
809.865295 213.410446 1563.000000
815.337341 213.410446 1563.000000
809.865295 216.146500 1563.000000
812.601379 216.146500 1563.000000
809.865295 218.882538 1563.000000
812.601379 218.882538 1563.000000
809.865295 221.618561 1563.000000
812.601379 221.618561 1563.000000
809.865295 224.354599 1563.000000
812.601379 224.354599 1563.000000
809.865295 227.090622 1563.000000
812.601379 227.090622 1563.000000
809.865295 229.826645 1563.000000
809.865295 232.562683 1563.000000
801.657288 235.298706 1563.000000
804.393250 235.298706 1563.000000
809.865295 235.298706 1563.000000
807.129333 238.034744 1563.000000
812.601379 240.770767 1563.000000
812.601379 243.506805 1563.000000
812.601379 246.242844 1563.000000
809.865295 248.978851 1563.000000
809.865295 251.714890 1563.000000
811.260498 30.250391 1571.000000
814.010498 30.250391 1571.000000
803.010315 33.000427 1571.000000
811.260498 33.000427 1571.000000
814.010498 33.000427 1571.000000
811.260498 35.750462 1571.000000
816.760620 35.750462 1571.000000
803.010315 38.500500 1571.000000
811.260498 38.500500 1571.000000
814.010498 38.500500 1571.000000
816.760620 38.500500 1571.000000
803.010315 41.250530 1571.000000
816.760620 41.250530 1571.000000
819.510559 41.250530 1571.000000
816.760620 44.000568 1571.000000
819.510559 44.000568 1571.000000
814.010498 46.750607 1571.000000
816.760620 46.750607 1571.000000
811.260498 49.500641 1571.000000
814.010498 49.500641 1571.000000
816.760620 49.500641 1571.000000
819.510559 49.500641 1571.000000
808.510437 52.250671 1571.000000
811.260498 52.250671 1571.000000
814.010498 52.250671 1571.000000
803.010315 55.000713 1571.000000
811.260498 55.000713 1571.000000
814.010498 55.000713 1571.000000
816.760620 55.000713 1571.000000
803.010315 57.750748 1571.000000
805.760437 57.750748 1571.000000
811.260498 57.750748 1571.000000
814.010498 57.750748 1571.000000
803.010315 60.500782 1571.000000
805.760437 60.500782 1571.000000
811.260498 60.500782 1571.000000
814.010498 60.500782 1571.000000
805.760437 63.250816 1571.000000
808.510437 63.250816 1571.000000
811.260498 63.250816 1571.000000
805.760437 66.000854 1571.000000
808.510437 66.000854 1571.000000
811.260498 66.000854 1571.000000
814.010498 66.000854 1571.000000
805.760437 68.750885 1571.000000
808.510437 68.750885 1571.000000
811.260498 68.750885 1571.000000
814.010498 68.750885 1571.000000
805.760437 71.500923 1571.000000
808.510437 71.500923 1571.000000
811.260498 71.500923 1571.000000
814.010498 71.500923 1571.000000
805.760437 74.250961 1571.000000
808.510437 74.250961 1571.000000
811.260498 74.250961 1571.000000
814.010498 74.250961 1571.000000
805.760437 77.000999 1571.000000
811.260498 77.000999 1571.000000
814.010498 77.000999 1571.000000
811.260498 79.751030 1571.000000
816.760620 79.751030 1571.000000
811.260498 82.501060 1571.000000
816.760620 82.501060 1571.000000
816.760620 85.251099 1571.000000
816.760620 88.001137 1571.000000
816.760620 90.751175 1571.000000
816.760620 99.001282 1571.000000
816.760620 101.751312 1571.000000
816.760620 110.001427 1571.000000
816.760620 112.751465 1571.000000
816.760620 115.501495 1571.000000
816.760620 118.251526 1571.000000
816.760620 121.001564 1571.000000
805.760437 123.751595 1571.000000
811.260498 123.751595 1571.000000
814.010498 123.751595 1571.000000
811.260498 134.751740 1571.000000
816.760620 134.751740 1571.000000
819.510559 134.751740 1571.000000
814.010498 137.501770 1571.000000
816.760620 137.501770 1571.000000
814.010498 140.251816 1571.000000
816.760620 140.251816 1571.000000
822.260681 140.251816 1571.000000
825.010681 140.251816 1571.000000
814.010498 143.001846 1571.000000
822.260681 143.001846 1571.000000
825.010681 143.001846 1571.000000
805.760437 145.751877 1571.000000
808.510437 145.751877 1571.000000
811.260498 145.751877 1571.000000
814.010498 145.751877 1571.000000
816.760620 145.751877 1571.000000
803.010315 148.501923 1571.000000
805.760437 148.501923 1571.000000
808.510437 148.501923 1571.000000
811.260498 148.501923 1571.000000
822.260681 148.501923 1571.000000
825.010681 148.501923 1571.000000
803.010315 151.251953 1571.000000
808.510437 151.251953 1571.000000
811.260498 151.251953 1571.000000
803.010315 154.001999 1571.000000
811.260498 154.001999 1571.000000
819.510559 154.001999 1571.000000
803.010315 156.752014 1571.000000
811.260498 156.752014 1571.000000
814.010498 156.752014 1571.000000
816.760620 156.752014 1571.000000
819.510559 156.752014 1571.000000
811.260498 159.502060 1571.000000
814.010498 159.502060 1571.000000
816.760620 159.502060 1571.000000
811.260498 162.252106 1571.000000
814.010498 162.252106 1571.000000
811.260498 165.002121 1571.000000
814.010498 165.002121 1571.000000
811.260498 167.752182 1571.000000
814.010498 167.752182 1571.000000
816.760620 167.752182 1571.000000
811.260498 170.502197 1571.000000
814.010498 170.502197 1571.000000
816.760620 170.502197 1571.000000
814.010498 173.252243 1571.000000
816.760620 173.252243 1571.000000
814.010498 176.002274 1571.000000
816.760620 176.002274 1571.000000
803.010315 178.752304 1571.000000
811.260498 178.752304 1571.000000
814.010498 178.752304 1571.000000
816.760620 178.752304 1571.000000
803.010315 181.502350 1571.000000
805.760437 181.502350 1571.000000
808.510437 181.502350 1571.000000
811.260498 181.502350 1571.000000
816.760620 181.502350 1571.000000
803.010315 184.252380 1571.000000
805.760437 184.252380 1571.000000
808.510437 184.252380 1571.000000
811.260498 184.252380 1571.000000
816.760620 184.252380 1571.000000
805.760437 187.002426 1571.000000
808.510437 187.002426 1571.000000
811.260498 187.002426 1571.000000
803.010315 189.752457 1571.000000
805.760437 189.752457 1571.000000
808.510437 189.752457 1571.000000
803.010315 192.502487 1571.000000
805.760437 192.502487 1571.000000
808.510437 192.502487 1571.000000
803.010315 195.252518 1571.000000
808.510437 195.252518 1571.000000
803.010315 198.002563 1571.000000
808.510437 198.002563 1571.000000
803.010315 206.252670 1571.000000
808.510437 206.252670 1571.000000
805.760437 209.002686 1571.000000
808.510437 209.002686 1571.000000
805.760437 211.752731 1571.000000
808.510437 211.752731 1571.000000
814.010498 211.752731 1571.000000
816.760620 211.752731 1571.000000
816.760620 214.502762 1571.000000
805.760437 239.253082 1571.000000
814.010498 239.253082 1571.000000
811.260498 242.003128 1571.000000
814.010498 242.003128 1571.000000
808.510437 250.253235 1571.000000
811.260498 250.253235 1571.000000
806.588379 30.385178 1578.000000
809.350708 33.147469 1578.000000
812.112915 33.147469 1578.000000
809.350708 35.909756 1578.000000
812.112915 35.909756 1578.000000
809.350708 38.672047 1578.000000
812.112915 38.672047 1578.000000
809.350708 41.434334 1578.000000
812.112915 41.434334 1578.000000
814.875305 41.434334 1578.000000
817.637512 41.434334 1578.000000
809.350708 44.196625 1578.000000
812.112915 44.196625 1578.000000
814.875305 44.196625 1578.000000
817.637512 44.196625 1578.000000
809.350708 46.958916 1578.000000
812.112915 46.958916 1578.000000
814.875305 46.958916 1578.000000
812.112915 49.721199 1578.000000
809.350708 55.245785 1578.000000
812.112915 55.245785 1578.000000
812.112915 58.008072 1578.000000
812.112915 60.770355 1578.000000
812.112915 77.344093 1578.000000
809.350708 80.106377 1578.000000
812.112915 80.106377 1578.000000
817.637512 80.106377 1578.000000
806.588379 82.868668 1578.000000
809.350708 82.868668 1578.000000
812.112915 82.868668 1578.000000
817.637512 82.868668 1578.000000
812.112915 85.630959 1578.000000
814.875305 85.630959 1578.000000
817.637512 85.630959 1578.000000
814.875305 88.393250 1578.000000
817.637512 88.393250 1578.000000
814.875305 91.155533 1578.000000
817.637512 91.155533 1578.000000
814.875305 93.917831 1578.000000
817.637512 93.917831 1578.000000
817.637512 96.680122 1578.000000
809.350708 102.204689 1578.000000
812.112915 102.204689 1578.000000
809.350708 104.966972 1578.000000
820.399902 104.966972 1578.000000
809.350708 107.729263 1578.000000
812.112915 107.729263 1578.000000
820.399902 107.729263 1578.000000
806.588379 110.491570 1578.000000
809.350708 110.491570 1578.000000
812.112915 110.491570 1578.000000
814.875305 110.491570 1578.000000
817.637512 110.491570 1578.000000
809.350708 113.253853 1578.000000
812.112915 113.253853 1578.000000
814.875305 113.253853 1578.000000
817.637512 113.253853 1578.000000
809.350708 116.016144 1578.000000
812.112915 116.016144 1578.000000
814.875305 116.016144 1578.000000
817.637512 116.016144 1578.000000
809.350708 118.778427 1578.000000
812.112915 118.778427 1578.000000
814.875305 118.778427 1578.000000
817.637512 118.778427 1578.000000
809.350708 121.540710 1578.000000
812.112915 121.540710 1578.000000
814.875305 121.540710 1578.000000
817.637512 121.540710 1578.000000
806.588379 124.303001 1578.000000
823.162109 138.114456 1578.000000
823.162109 140.876740 1578.000000
820.399902 143.639023 1578.000000
823.162109 143.639023 1578.000000
823.162109 146.401321 1578.000000
817.637512 149.163605 1578.000000
820.399902 149.163605 1578.000000
823.162109 149.163605 1578.000000
809.350708 151.925888 1578.000000
817.637512 151.925888 1578.000000
820.399902 151.925888 1578.000000
823.162109 151.925888 1578.000000
809.350708 154.688187 1578.000000
812.112915 154.688187 1578.000000
817.637512 154.688187 1578.000000
820.399902 154.688187 1578.000000
809.350708 157.450470 1578.000000
812.112915 157.450470 1578.000000
806.588379 160.212753 1578.000000
809.350708 160.212753 1578.000000
812.112915 160.212753 1578.000000
806.588379 162.975037 1578.000000
809.350708 162.975037 1578.000000
812.112915 162.975037 1578.000000
806.588379 165.737335 1578.000000
809.350708 165.737335 1578.000000
812.112915 165.737335 1578.000000
806.588379 168.499634 1578.000000
809.350708 168.499634 1578.000000
812.112915 168.499634 1578.000000
806.588379 171.261917 1578.000000
809.350708 171.261917 1578.000000
812.112915 171.261917 1578.000000
806.588379 174.024216 1578.000000
809.350708 174.024216 1578.000000
812.112915 174.024216 1578.000000
814.875305 174.024216 1578.000000
806.588379 176.786499 1578.000000
809.350708 176.786499 1578.000000
812.112915 176.786499 1578.000000
814.875305 176.786499 1578.000000
809.350708 179.548782 1578.000000
812.112915 179.548782 1578.000000
809.350708 196.122513 1578.000000
809.350708 198.884796 1578.000000
806.588379 201.647095 1578.000000
809.350708 201.647095 1578.000000
812.112915 201.647095 1578.000000
806.588379 204.409378 1578.000000
809.350708 204.409378 1578.000000
812.112915 204.409378 1578.000000
809.350708 207.171661 1578.000000
812.112915 240.319153 1578.000000
817.637512 245.843704 1578.000000
817.637512 248.606003 1578.000000
812.941040 30.519968 1585.000000
815.715576 30.519968 1585.000000
807.391968 80.461731 1585.000000
810.166443 80.461731 1585.000000
807.391968 83.236275 1585.000000
810.166443 86.010818 1585.000000
812.941040 86.010818 1585.000000
810.166443 88.785362 1585.000000
812.941040 88.785362 1585.000000
815.715576 88.785362 1585.000000
810.166443 91.559906 1585.000000
812.941040 91.559906 1585.000000
815.715576 91.559906 1585.000000
807.391968 94.334450 1585.000000
810.166443 94.334450 1585.000000
812.941040 94.334450 1585.000000
815.715576 94.334450 1585.000000
812.941040 97.109001 1585.000000
815.715576 97.109001 1585.000000
818.490112 97.109001 1585.000000
810.166443 99.883537 1585.000000
812.941040 99.883537 1585.000000
815.715576 99.883537 1585.000000
818.490112 99.883537 1585.000000
821.264648 99.883537 1585.000000
810.166443 102.658081 1585.000000
818.490112 102.658081 1585.000000
821.264648 102.658081 1585.000000
810.166443 105.432617 1585.000000
815.715576 105.432617 1585.000000
818.490112 105.432617 1585.000000
821.264648 105.432617 1585.000000
810.166443 108.207161 1585.000000
818.490112 108.207161 1585.000000
821.264648 108.207161 1585.000000
810.166443 113.756256 1585.000000
810.166443 116.530792 1585.000000
810.166443 119.305336 1585.000000
810.166443 122.079872 1585.000000
812.941040 244.159744 1585.000000
815.715576 244.159744 1585.000000
812.941040 246.934296 1585.000000
815.715576 246.934296 1585.000000
818.490112 246.934296 1585.000000
815.715576 249.708832 1585.000000
818.490112 249.708832 1585.000000
810.957703 97.537865 1592.000000
813.744446 97.537865 1592.000000
810.957703 103.111450 1592.000000
810.957703 105.898247 1592.000000
810.957703 108.685036 1592.000000
1498.196899 466.326233 2834.000000
1488.275146 471.287170 2834.000000
1493.236206 471.287170 2834.000000
1498.196899 471.287170 2834.000000
1503.157959 471.287170 2834.000000
1488.275146 476.248077 2834.000000
1493.236206 476.248077 2834.000000
1498.196899 476.248077 2834.000000
1503.157959 476.248077 2834.000000
1508.118896 476.248077 2834.000000
1513.079712 476.248077 2834.000000
1513.079712 481.208984 2834.000000
1518.040649 481.208984 2834.000000
1523.001709 481.208984 2834.000000
