-18.884394 59.800579 899.000000
-20.458094 61.374275 899.000000
-18.884394 61.374275 899.000000
-13.376446 61.374275 899.000000
-20.982662 63.472549 899.000000
-18.884394 63.734833 899.000000
-13.638729 63.472549 899.000000
-22.105316 60.789612 902.000000
-22.105316 64.736992 902.000000
-16.578987 63.947517 902.000000
-21.315840 66.315948 902.000000
-18.947412 66.315948 902.000000
-17.368462 66.315948 902.000000
-13.421083 66.315948 902.000000
-20.526363 67.894897 902.000000
-18.947412 67.894897 902.000000
-16.578987 68.684372 902.000000
-13.421084 68.684372 902.000000
-15.789511 71.052795 902.000000
-13.421083 71.052795 902.000000
-15.824521 66.462990 904.000000
-15.824521 68.045441 904.000000
-44.095100 78.569450 916.000000
-41.689911 78.569450 916.000000
-44.095100 80.974632 916.000000
-40.888184 80.172905 916.000000
-11.260967 75.609360 919.000000
-9.652258 75.609360 919.000000
-46.652576 78.826767 919.000000
-40.217739 78.826767 919.000000
-38.609032 78.826767 919.000000
-35.391609 78.826767 919.000000
-33.782902 78.826767 919.000000
-32.174191 78.826767 919.000000
-38.609032 80.435478 919.000000
-35.391609 83.652901 919.000000
-33.782902 83.652901 919.000000
-33.782902 85.261604 919.000000
8.061053 68.518951 921.000000
-8.061053 74.161690 921.000000
-33.856422 77.386108 921.000000
-32.244213 77.386108 921.000000
-29.019791 77.386108 921.000000
-26.332775 76.848709 921.000000
-23.645756 76.848709 921.000000
-12.897684 76.580002 921.000000
-11.285474 77.386108 921.000000
-8.598457 76.848709 921.000000
-6.448842 75.773903 921.000000
-49.172421 78.998322 921.000000
-30.631998 78.998322 921.000000
-29.019791 78.998322 921.000000
-26.601475 78.998322 921.000000
-23.377052 78.998322 921.000000
-48.366314 81.416634 921.000000
-46.754108 80.610527 921.000000
-36.274738 81.416634 921.000000
-33.856422 81.416634 921.000000
-31.438105 81.416634 921.000000
-29.019791 81.416634 921.000000
-26.601475 81.416634 921.000000
-31.438107 83.834946 921.000000
-29.019791 83.834946 921.000000
-26.601475 83.834946 921.000000
-30.631998 85.447151 921.000000
-29.019791 85.447151 921.000000
-27.407581 85.447151 921.000000
-49.978527 159.608841 921.000000
-53.202946 161.221054 921.000000
-51.590736 161.221054 921.000000
-49.172421 161.221054 921.000000
-51.590736 162.833252 921.000000
-49.172421 163.639374 921.000000
-46.216705 163.908081 921.000000
6.462846 68.667740 923.000000
9.694269 68.667740 923.000000
1.615711 71.091301 923.000000
4.847135 71.091301 923.000000
6.462846 71.091301 923.000000
8.886414 71.091301 923.000000
1.077141 73.784157 923.000000
4.847135 72.707016 923.000000
6.462846 73.514870 923.000000
8.078557 73.514870 923.000000
-18.580681 75.938438 923.000000
-16.157114 75.938438 923.000000
-14.541404 75.938438 923.000000
-4.847135 75.938438 923.000000
-30.698517 77.554153 923.000000
-21.004248 78.362007 923.000000
-18.580683 78.362007 923.000000
-16.157114 78.362007 923.000000
-13.733547 78.362007 923.000000
-11.309980 79.169861 923.000000
-8.886414 79.169861 923.000000
-6.462846 78.362007 923.000000
-12.925692 81.593430 923.000000
-11.309980 81.593430 923.000000
-8.886414 80.785576 923.000000
-53.318478 151.876877 923.000000
-50.894913 151.876877 923.000000
-53.318478 153.492599 923.000000
-50.894913 153.492599 923.000000
-53.318478 156.724014 923.000000
-50.894909 155.916168 923.000000
-53.857052 159.416870 923.000000
-51.164196 158.878296 923.000000
-48.471344 159.955444 923.000000
-46.047775 161.571152 923.000000
-45.239922 163.186859 923.000000
-43.624210 163.994720 923.000000
-42.008495 163.994720 923.000000
-43.624210 166.418289 923.000000
-42.008495 166.418289 923.000000
25.935410 59.975632 926.000000
25.935410 61.596596 926.000000
25.935410 64.028046 926.000000
29.177334 64.838524 926.000000
30.798298 64.838524 926.000000
14.588667 66.459488 926.000000
29.177334 66.459488 926.000000
-77.806229 69.701408 926.000000
0.810482 69.701408 926.000000
4.052408 69.701408 926.000000
11.346742 68.890930 926.000000
28.637014 69.161095 926.000000
30.798298 68.890930 926.000000
-77.806229 71.322372 926.000000
-76.185265 71.322372 926.000000
-73.753815 71.322372 926.000000
-71.322372 71.322372 926.000000
0.000000 71.322372 926.000000
3.241926 71.322372 926.000000
-77.806229 73.753815 926.000000
-76.185265 72.943336 926.000000
-73.753815 72.943336 926.000000
-71.322372 72.943336 926.000000
-63.217560 74.564301 926.000000
-3.782247 74.023979 926.000000
-1.620963 73.753815 926.000000
0.000000 72.943336 926.000000
3.782247 74.023979 926.000000
9.725779 73.753815 926.000000
-63.217560 76.185265 926.000000
-61.596596 76.185265 926.000000
-3.241926 76.185265 926.000000
-1.620963 76.185265 926.000000
0.000000 76.185265 926.000000
4.052408 76.185265 926.000000
6.483852 76.185265 926.000000
8.104815 76.185265 926.000000
-4.862889 77.806229 926.000000
1.620963 77.806229 926.000000
4.052408 77.806229 926.000000
6.483852 77.806229 926.000000
-6.483852 81.048157 926.000000
-66.459488 90.773933 926.000000
-64.838524 92.394897 926.000000
-59.165150 152.370529 926.000000
-55.923225 152.370529 926.000000
-53.491779 150.749557 926.000000
-51.060337 150.749557 926.000000
-48.628887 152.370529 926.000000
-59.165150 153.991486 926.000000
-55.923225 153.991486 926.000000
-48.628887 153.991486 926.000000
-55.923229 156.422943 926.000000
-53.491779 155.612457 926.000000
-48.628887 156.422943 926.000000
-47.007931 157.233414 926.000000
-48.628887 158.854385 926.000000
-47.007931 158.854385 926.000000
-47.007931 160.475342 926.000000
25.991425 56.044006 928.000000
27.615889 56.856239 928.000000
24.366961 58.480701 928.000000
25.991425 58.480701 928.000000
28.428120 58.480701 928.000000
23.825474 60.646660 928.000000
28.428120 60.917397 928.000000
31.677048 60.917400 928.000000
34.113747 60.917397 928.000000
23.825474 64.437073 928.000000
28.157377 63.895580 928.000000
31.947792 63.895584 928.000000
34.113747 64.166328 928.000000
35.738209 64.978561 928.000000
21.118032 66.603027 928.000000
23.554729 66.603027 928.000000
25.991425 66.603027 928.000000
27.615889 66.603027 928.000000
31.677048 66.603027 928.000000
34.113747 66.603027 928.000000
36.550438 66.603027 928.000000
13.807943 69.039719 928.000000
16.244640 69.039719 928.000000
18.681335 69.039719 928.000000
21.118032 69.039719 928.000000
23.554729 69.039719 928.000000
25.991425 69.039719 928.000000
27.615889 68.227493 928.000000
32.489281 69.039719 928.000000
34.113747 69.039719 928.000000
36.550438 69.039726 928.000000
-79.598740 71.476418 928.000000
11.371248 71.476418 928.000000
13.807943 71.476418 928.000000
16.244640 71.476418 928.000000
18.681335 71.476418 928.000000
21.118032 71.476418 928.000000
23.554729 71.476418 928.000000
25.991425 71.476418 928.000000
28.428120 71.476418 928.000000
31.677048 71.476418 928.000000
34.113747 71.476418 928.000000
35.738209 71.476418 928.000000
-81.223198 73.913116 928.000000
-79.598740 73.913116 928.000000
-76.349808 74.725342 928.000000
-73.913116 74.725342 928.000000
-71.476418 74.725342 928.000000
-69.039719 73.913116 928.000000
-64.978561 74.725342 928.000000
11.371248 73.913116 928.000000
12.995712 73.100883 928.000000
21.118032 73.100883 928.000000
23.554729 73.100883 928.000000
25.991425 73.913116 928.000000
28.428120 73.913116 928.000000
31.406303 73.642372 928.000000
34.113747 73.100883 928.000000
-81.223198 76.349808 928.000000
-78.786507 76.349808 928.000000
-76.349808 76.349808 928.000000
-73.100883 76.349808 928.000000
-71.476418 76.349808 928.000000
-64.978561 76.349808 928.000000
9.746784 76.349808 928.000000
11.371248 76.349808 928.000000
-78.515762 78.515762 928.000000
-63.354092 77.974274 928.000000
-60.917397 79.598740 928.000000
-58.480701 79.598740 928.000000
-3.790416 79.057251 928.000000
-1.624464 77.974274 928.000000
0.541488 79.057251 928.000000
4.061160 79.598740 928.000000
6.497856 79.598740 928.000000
8.663809 78.515762 928.000000
-60.917397 81.223198 928.000000
-56.856239 81.223198 928.000000
-4.873392 81.223198 928.000000
1.624464 81.223198 928.000000
4.061160 81.223198 928.000000
-61.729630 82.847664 928.000000
-63.354092 90.969986 928.000000
-28.157377 106.673141 928.000000
-31.677048 108.839088 928.000000
-29.240351 108.839088 928.000000
-53.607311 149.450684 928.000000
-51.170616 149.450684 928.000000
-60.917397 151.075150 928.000000
-58.480701 151.075150 928.000000
-56.044006 151.075150 928.000000
-48.733921 151.075150 928.000000
-47.109455 151.075150 928.000000
-46.567970 153.782593 928.000000
-46.297226 155.948547 928.000000
-45.484993 158.385254 928.000000
-43.860527 157.573013 928.000000
-45.484993 160.821945 928.000000
-43.860527 161.634171 928.000000
23.630875 48.891464 931.000000
26.075449 48.891464 931.000000
28.520023 48.891464 931.000000
30.964594 48.891464 931.000000
33.409168 48.891464 931.000000
23.630875 51.336040 931.000000
26.075449 51.336040 931.000000
28.520021 51.336040 931.000000
30.964594 51.336040 931.000000
33.409168 51.336040 931.000000
35.853741 52.150898 931.000000
28.520023 53.780613 931.000000
30.964594 53.780613 931.000000
33.409168 53.780613 931.000000
28.791641 55.953568 931.000000
30.964594 56.225185 931.000000
33.409168 56.225185 931.000000
35.853741 57.040043 931.000000
34.224026 58.669762 931.000000
35.853741 58.669762 931.000000
-89.091125 66.275108 931.000000
-92.893784 68.448051 931.000000
-91.264069 68.448051 931.000000
-88.819504 68.448051 931.000000
-92.893784 70.892624 931.000000
-91.264069 70.892624 931.000000
-89.091125 70.621002 931.000000
-86.374924 71.707481 931.000000
-83.115486 71.707481 931.000000
-81.485779 70.892624 931.000000
37.483456 71.707481 931.000000
39.113174 71.707481 931.000000
-93.980270 73.880432 931.000000
-91.264069 73.337196 931.000000
-83.115486 74.152054 931.000000
14.124202 74.423676 931.000000
16.297155 74.152054 931.000000
18.741730 74.152054 931.000000
21.186302 74.966911 931.000000
23.630875 74.966911 931.000000
33.409168 74.966911 931.000000
36.668598 74.152054 931.000000
39.113174 74.152054 931.000000
40.742889 74.152054 931.000000
-83.115486 76.596634 931.000000
-74.966911 76.596634 931.000000
-70.077766 76.596634 931.000000
-68.448051 76.596634 931.000000
-66.818344 76.596634 931.000000
13.852583 76.596634 931.000000
16.297155 76.596634 931.000000
21.186302 76.596634 931.000000
23.630875 76.596634 931.000000
26.075449 76.596634 931.000000
30.964594 76.596634 931.000000
33.409168 76.596634 931.000000
36.668598 76.596634 931.000000
39.113174 76.596634 931.000000
40.742889 76.596634 931.000000
-79.856064 79.856064 931.000000
-76.596634 79.041206 931.000000
-74.152054 79.041206 931.000000
-70.892624 79.041206 931.000000
-68.448051 79.041206 931.000000
-66.003479 79.041206 931.000000
-63.558907 79.856064 931.000000
-1.629716 79.856064 931.000000
9.778294 79.856064 931.000000
11.408009 78.226349 931.000000
13.852583 78.226349 931.000000
23.630875 78.226349 931.000000
26.075449 78.226349 931.000000
28.520023 78.226349 931.000000
30.964594 79.041206 931.000000
33.409168 78.226349 931.000000
36.668598 78.226349 931.000000
39.113174 78.226349 931.000000
-79.041206 81.485779 931.000000
-76.596634 81.485779 931.000000
-73.337196 81.485779 931.000000
-71.707481 81.485779 931.000000
-68.448051 81.485779 931.000000
-66.003479 81.485779 931.000000
-63.558907 81.485779 931.000000
-58.669762 81.485779 931.000000
-3.259431 81.485779 931.000000
-1.629716 81.485779 931.000000
0.000000 81.485779 931.000000
6.518862 81.485779 931.000000
8.148578 81.485779 931.000000
-71.707481 83.115486 931.000000
-68.448051 83.930344 931.000000
-66.003479 83.930344 931.000000
-63.558907 83.930344 931.000000
-60.842712 84.201965 931.000000
-58.669762 83.930344 931.000000
-56.225185 84.745209 931.000000
-4.074289 83.930344 931.000000
-1.629716 83.115486 931.000000
1.629716 83.930344 931.000000
4.074289 83.930344 931.000000
6.518862 83.115486 931.000000
8.148578 83.115486 931.000000
-68.448051 86.374924 931.000000
-66.003479 86.374924 931.000000
-63.558907 86.374924 931.000000
-61.114334 86.374924 931.000000
-53.780613 86.374924 931.000000
-8.963436 86.374924 931.000000
-6.518862 86.374924 931.000000
1.629716 86.374924 931.000000
4.074289 86.374924 931.000000
-70.077766 89.634361 931.000000
-68.448051 88.819504 931.000000
-66.003479 88.819504 931.000000
-63.558907 88.819504 931.000000
-61.114334 88.819504 931.000000
-61.114334 91.264069 931.000000
-61.114334 93.708649 931.000000
-61.114334 96.153214 931.000000
-60.299477 98.597794 931.000000
-58.669762 97.782928 931.000000
-61.929188 101.042366 931.000000
-17.926870 105.931511 931.000000
-46.446892 109.190941 931.000000
-44.002319 109.190941 931.000000
-42.372604 108.376083 931.000000
-34.224026 109.190941 931.000000
-27.705164 109.190941 931.000000
-26.075449 108.376083 931.000000
-23.630875 108.376083 931.000000
-21.186302 108.376083 931.000000
-18.470112 108.647705 931.000000
-46.446892 110.820656 931.000000
-41.557747 110.820656 931.000000
-39.113174 112.450378 931.000000
-36.668598 110.820656 931.000000
-32.594311 111.635513 931.000000
-30.964594 111.635513 931.000000
-28.520023 111.635513 931.000000
-26.075449 111.635513 931.000000
-22.816017 110.820656 931.000000
-21.186302 111.635513 931.000000
-17.926870 110.820656 931.000000
-11.408009 112.450378 931.000000
-32.594311 114.080086 931.000000
-30.964594 114.080086 931.000000
-28.520023 114.080086 931.000000
-30.964594 115.709801 931.000000
-28.520023 115.709801 931.000000
-61.114334 127.117813 931.000000
-58.669762 126.302948 931.000000
-56.496807 126.574570 931.000000
-53.780613 127.117813 931.000000
-52.150898 126.302948 931.000000
-44.002319 125.488091 931.000000
-41.829369 126.574570 931.000000
-22.816017 127.117813 931.000000
-21.186302 126.302948 931.000000
-19.013350 126.574577 931.000000
-61.114334 128.747543 931.000000
-58.669762 128.747543 931.000000
-56.225185 128.747543 931.000000
-53.780613 128.747543 931.000000
-51.336040 128.747543 931.000000
-48.891464 128.747543 931.000000
-46.446892 128.747543 931.000000
-44.002319 128.747543 931.000000
-41.557747 128.747543 931.000000
-39.113174 128.747543 931.000000
-37.483456 128.747543 931.000000
-23.630875 128.747543 931.000000
-21.186302 128.747543 931.000000
-18.741730 128.747543 931.000000
-16.297155 128.747543 931.000000
-13.852583 128.747543 931.000000
-60.299477 130.377243 931.000000
-58.669762 130.377243 931.000000
-56.496807 130.920502 931.000000
-53.780613 131.192108 931.000000
-52.150898 131.192108 931.000000
-48.891464 131.192108 931.000000
-46.446892 131.192108 931.000000
-44.002319 131.192108 931.000000
-41.557747 131.192108 931.000000
-39.113174 130.377243 931.000000
-37.483456 131.192108 931.000000
-22.816017 131.192108 931.000000
-21.186302 131.192108 931.000000
-18.741730 131.192108 931.000000
-16.297155 130.377243 931.000000
-14.124202 130.920502 931.000000
-55.410328 133.636688 931.000000
-53.780613 133.636688 931.000000
-51.336040 133.636688 931.000000
-48.891464 133.636688 931.000000
-46.446892 133.636688 931.000000
-44.002319 133.636688 931.000000
-42.372604 133.636688 931.000000
-26.075449 133.636688 931.000000
-22.816017 133.636688 931.000000
-21.186302 133.636688 931.000000
-18.741730 133.636688 931.000000
-14.667440 133.636688 931.000000
-42.372604 135.266388 931.000000
-22.816017 135.266388 931.000000
-21.186302 136.081238 931.000000
-18.741730 136.081238 931.000000
-16.297155 136.081238 931.000000
-13.852583 136.081238 931.000000
-11.408009 136.081238 931.000000
-17.926870 138.525833 931.000000
-16.297155 138.525833 931.000000
-13.852583 138.525833 931.000000
-11.408009 138.525833 931.000000
-13.852583 140.155533 931.000000
-11.408009 140.970398 931.000000
-8.963436 140.155533 931.000000
-58.669762 143.414963 931.000000
-55.410328 143.414963 931.000000
-53.780613 143.414963 931.000000
-51.336040 143.414963 931.000000
-48.891464 143.414963 931.000000
-47.261749 143.414963 931.000000
-13.037724 143.414963 931.000000
-11.408009 143.414963 931.000000
-61.114334 146.674393 931.000000
-58.669762 145.859528 931.000000
-56.225185 146.674393 931.000000
-53.780613 145.859528 931.000000
-51.336040 145.859528 931.000000
-13.037724 145.859528 931.000000
-11.408009 145.859528 931.000000
-60.299477 149.933823 931.000000
-58.669762 149.118958 931.000000
-56.225185 149.118958 931.000000
-53.780613 148.304108 931.000000
-51.336040 148.304108 931.000000
-48.891464 149.118958 931.000000
-46.446892 149.118958 931.000000
-44.002319 149.118958 931.000000
-42.372604 149.933823 931.000000
-45.632034 151.563553 931.000000
-44.002319 151.563553 931.000000
-42.372604 151.563553 931.000000
-45.632034 153.193268 931.000000
-44.002319 154.008118 931.000000
-41.557747 154.008118 931.000000
-39.113174 154.008118 931.000000
-44.002319 156.452698 931.000000
-41.557747 156.452698 931.000000
-44.002319 159.712128 931.000000
-41.557747 158.897278 931.000000
-39.113174 158.082413 931.000000
-41.557747 161.341843 931.000000
-39.113174 164.601273 931.000000
-37.483456 164.601273 931.000000
-89.010307 47.363281 933.000000
26.131466 47.363281 933.000000
28.581291 47.363281 933.000000
33.480942 47.363281 933.000000
37.563980 47.363281 933.000000
-91.460129 48.996498 933.000000
-89.010307 48.996498 933.000000
35.930763 48.996498 933.000000
37.563980 48.996498 933.000000
-91.460129 50.629715 933.000000
-88.738113 51.174126 933.000000
21.231815 50.629715 933.000000
35.930763 50.629715 933.000000
38.380592 51.446327 933.000000
35.930763 53.896149 933.000000
37.563980 53.896149 933.000000
35.930763 55.529366 933.000000
37.563980 55.529366 933.000000
-86.560478 66.961884 933.000000
-86.560478 68.595093 933.000000
-84.110657 68.595093 933.000000
-88.193703 71.861526 933.000000
-86.560478 70.228317 933.000000
-84.382858 70.772720 933.000000
-89.010307 73.494751 933.000000
-86.560478 73.494751 933.000000
-84.927261 73.494751 933.000000
-93.637756 76.216782 933.000000
-91.460129 75.944572 933.000000
-89.282516 75.672371 933.000000
-86.560478 75.944572 933.000000
-84.927261 75.127960 933.000000
18.781990 76.761185 933.000000
-96.359772 78.394402 933.000000
-94.726563 78.394402 933.000000
16.332167 78.394402 933.000000
18.781990 78.394402 933.000000
21.231815 78.394402 933.000000
40.830414 78.394402 933.000000
-94.726563 80.027618 933.000000
-75.127960 81.660828 933.000000
-70.228317 81.660828 933.000000
9.799300 81.660828 933.000000
11.432516 80.844223 933.000000
13.610138 80.572021 933.000000
23.681641 80.027618 933.000000
26.131466 80.027618 933.000000
28.581291 80.027618 933.000000
33.480942 80.027618 933.000000
35.930763 80.844223 933.000000
38.108391 80.572021 933.000000
40.830414 80.027618 933.000000
-73.494751 84.110657 933.000000
-70.772720 84.382858 933.000000
-1.633217 84.927261 933.000000
0.000000 84.110657 933.000000
6.532866 84.927261 933.000000
8.982692 84.110657 933.000000
11.432516 83.294052 933.000000
14.154544 83.838455 933.000000
-71.044922 86.560478 933.000000
-58.795799 86.560478 933.000000
-56.345974 86.560478 933.000000
-4.083042 86.560478 933.000000
-1.633217 86.560478 933.000000
0.000000 86.560478 933.000000
6.532866 86.560478 933.000000
8.166083 86.560478 933.000000
-70.228317 88.193703 933.000000
-58.795799 89.010307 933.000000
-56.345974 89.010307 933.000000
-53.896149 89.010307 933.000000
-6.532866 89.010307 933.000000
-3.810839 88.738113 933.000000
-1.633217 88.193703 933.000000
0.816608 88.193703 933.000000
4.083042 88.193703 933.000000
-58.795799 91.460129 933.000000
-56.345974 91.460129 933.000000
-53.896149 91.460129 933.000000
-58.795799 93.909958 933.000000
-56.345970 93.909958 933.000000
-53.896149 93.909958 933.000000
-52.262932 94.726563 933.000000
-58.795799 96.359772 933.000000
-56.345974 96.359772 933.000000
-53.896149 96.359772 933.000000
-52.262932 96.359772 933.000000
-58.795799 99.626213 933.000000
-56.345970 98.809601 933.000000
-53.896149 97.992996 933.000000
-52.262932 97.992996 933.000000
-13.065733 99.626213 933.000000
-11.432516 99.626213 933.000000
-60.429016 101.259430 933.000000
-58.795799 101.259430 933.000000
-56.345974 101.259430 933.000000
-13.065733 101.259430 933.000000
-11.432516 101.259430 933.000000
-9.799300 101.259430 933.000000
-6.532866 101.259430 933.000000
-61.517822 103.437057 933.000000
-58.795799 103.709259 933.000000
-56.618176 103.437057 933.000000
-16.332167 104.525864 933.000000
-13.882341 103.709251 933.000000
-11.432516 103.709259 933.000000
-8.982692 103.709251 933.000000
-6.532866 103.709259 933.000000
-58.795799 106.159073 933.000000
-56.345974 106.159073 933.000000
-16.332167 106.159073 933.000000
-13.882341 106.159073 933.000000
-11.432516 106.159073 933.000000
-8.982692 106.159073 933.000000
-6.532866 106.159073 933.000000
-58.795799 108.608902 933.000000
-56.345974 108.608902 933.000000
-53.896149 108.608902 933.000000
-50.629715 109.425507 933.000000
-48.996498 108.608902 933.000000
-46.546673 107.792297 933.000000
-44.096851 107.792297 933.000000
-19.598600 107.792297 933.000000
-16.332167 108.608902 933.000000
-13.882341 108.608902 933.000000
-11.432516 108.608902 933.000000
-8.982692 108.608902 933.000000
-6.532866 109.425507 933.000000
-58.795799 111.058731 933.000000
-56.345974 111.058731 933.000000
-53.896149 111.058731 933.000000
-50.629715 111.058731 933.000000
-48.996498 111.058731 933.000000
-44.096851 111.058731 933.000000
-34.297546 111.058731 933.000000
-24.498249 111.058731 933.000000
-19.598600 111.058731 933.000000
-16.332167 111.058731 933.000000
-13.882341 111.058731 933.000000
-11.432516 111.058731 933.000000
-9.799300 111.058731 933.000000
-56.073772 113.236359 933.000000
-53.896149 113.508560 933.000000
-50.629715 113.508560 933.000000
-48.996498 113.508560 933.000000
-46.546673 113.508560 933.000000
-44.096851 113.508560 933.000000
-41.647022 113.508560 933.000000
-38.108391 113.780762 933.000000
-35.930763 113.508560 933.000000
-34.297546 113.508560 933.000000
-26.131466 114.325165 933.000000
-23.681641 113.508560 933.000000
-21.231815 114.325165 933.000000
-18.781990 113.508560 933.000000
-16.332167 113.508560 933.000000
-13.882341 113.508553 933.000000
-11.432516 114.325165 933.000000
-9.254894 113.236351 933.000000
-6.532866 112.691948 933.000000
-55.529366 115.958374 933.000000
-48.996498 115.958374 933.000000
-46.546673 115.958374 933.000000
-44.096851 115.958374 933.000000
-38.380592 115.958374 933.000000
-35.930763 115.958374 933.000000
-33.480942 115.958374 933.000000
-26.131466 115.958374 933.000000
-23.681641 115.958374 933.000000
-21.231815 115.958374 933.000000
-18.781990 115.958374 933.000000
-16.332167 115.958374 933.000000
-13.882341 115.958374 933.000000
-11.432516 115.958374 933.000000
-9.799300 115.958374 933.000000
-56.073772 118.680405 933.000000
-53.896149 118.408203 933.000000
-51.446323 119.224808 933.000000
-48.996498 118.408203 933.000000
-46.546677 118.408203 933.000000
-44.096851 118.408203 933.000000
-41.647022 118.408203 933.000000
-38.380592 118.408203 933.000000
-35.930763 118.408203 933.000000
-33.480942 118.408203 933.000000
-31.031115 118.408203 933.000000
-28.581291 118.408203 933.000000
-26.131466 118.408203 933.000000
-23.409439 118.680405 933.000000
-21.231815 118.408203 933.000000
-18.781990 118.408203 933.000000
-16.332167 118.408203 933.000000
-13.882341 118.408203 933.000000
-11.432516 118.408203 933.000000
-9.254894 118.680405 933.000000
-60.429016 122.491241 933.000000
-58.795799 121.674637 933.000000
-56.345970 121.674637 933.000000
-53.896149 121.674637 933.000000
-51.446327 121.674637 933.000000
-48.996498 121.674637 933.000000
-46.546677 121.674637 933.000000
-44.096851 121.674637 933.000000
-41.647022 121.674637 933.000000
-38.380592 121.674637 933.000000
-35.930763 121.674637 933.000000
-33.480942 121.674637 933.000000
-31.031115 121.674637 933.000000
-28.581291 121.674637 933.000000
-26.131466 121.674637 933.000000
-23.681641 121.674637 933.000000
-21.231815 121.674637 933.000000
-18.781990 121.674637 933.000000
-16.332167 121.674637 933.000000
-13.882341 121.674637 933.000000
-11.432516 121.674637 933.000000
-8.982692 121.674637 933.000000
-6.532866 122.491241 933.000000
-61.245621 124.124458 933.000000
-58.795799 124.124458 933.000000
-56.345974 124.124458 933.000000
-53.896149 124.124458 933.000000
-51.446323 124.124458 933.000000
-48.996498 124.124458 933.000000
-46.546673 124.124458 933.000000
-44.096851 124.124458 933.000000
-41.647022 124.124458 933.000000
-38.380592 124.124458 933.000000
-35.930763 124.124458 933.000000
-33.480942 124.124458 933.000000
-31.031115 124.124458 933.000000
-28.581291 124.124458 933.000000
-26.131466 124.124458 933.000000
-23.681641 124.124458 933.000000
-21.231815 124.124458 933.000000
-18.781990 124.124458 933.000000
-16.332167 124.124458 933.000000
-13.882341 124.124458 933.000000
-11.432516 124.124458 933.000000
-8.982692 124.124458 933.000000
-6.532866 124.124458 933.000000
-63.695446 127.390892 933.000000
-61.245621 125.757683 933.000000
-55.529366 125.757683 933.000000
-53.896149 125.757683 933.000000
-50.629715 126.574287 933.000000
-48.996498 126.574287 933.000000
-46.546677 126.574287 933.000000
-44.096851 127.390892 933.000000
-40.830414 125.757683 933.000000
-38.380592 126.574287 933.000000
-35.930763 126.574287 933.000000
-33.480942 126.574287 933.000000
-31.031115 126.574287 933.000000
-28.581291 126.574287 933.000000
-26.131466 126.574287 933.000000
-23.953842 126.302086 933.000000
-17.965382 125.757683 933.000000
-16.332167 126.574287 933.000000
-13.882341 126.574287 933.000000
-11.432516 126.574287 933.000000
-8.982692 126.574287 933.000000
-6.532866 126.574287 933.000000
-63.695446 129.024124 933.000000
-35.930763 129.024124 933.000000
-33.480942 129.024124 933.000000
-31.031115 129.024124 933.000000
-28.581291 129.024124 933.000000
-26.131466 129.024124 933.000000
-11.432516 129.024124 933.000000
-8.982692 129.024124 933.000000
-6.532866 129.024124 933.000000
-4.899650 129.024124 933.000000
-63.695446 131.473938 933.000000
-61.517822 131.746140 933.000000
-58.795799 132.290543 933.000000
-55.529366 132.290543 933.000000
-50.629715 131.473938 933.000000
-39.197201 132.290543 933.000000
-35.930763 131.473938 933.000000
-33.480942 131.473938 933.000000
-31.031115 131.473938 933.000000
-28.581291 131.473938 933.000000
-26.131466 131.473938 933.000000
-24.498249 131.473938 933.000000
-16.332167 132.290543 933.000000
-13.065733 132.290543 933.000000
-11.432516 131.473938 933.000000
-8.982692 131.473938 933.000000
-6.532866 131.473938 933.000000
-4.899650 131.473938 933.000000
-61.245621 133.923767 933.000000
-58.795799 133.923767 933.000000
-57.162582 133.923767 933.000000
-40.830414 133.923767 933.000000
-38.380592 133.923767 933.000000
-35.930763 133.923767 933.000000
-33.480942 133.923767 933.000000
-31.031115 133.923767 933.000000
-28.581291 133.923767 933.000000
-24.498249 133.923767 933.000000
-16.332167 133.923767 933.000000
-13.065733 133.923767 933.000000
-11.432516 133.923767 933.000000
-8.982692 133.923767 933.000000
-6.532866 133.923767 933.000000
-4.899650 133.923767 933.000000
-61.245621 136.373581 933.000000
-58.795799 136.373581 933.000000
-56.345974 136.373581 933.000000
-53.896149 136.373581 933.000000
-51.446327 136.373581 933.000000
-48.996498 136.373581 933.000000
-46.546673 136.373581 933.000000
-44.096851 136.373581 933.000000
-41.374821 136.645782 933.000000
-38.380592 136.373581 933.000000
-35.930763 136.373581 933.000000
-33.480942 136.373581 933.000000
-31.031115 136.373581 933.000000
-28.581291 136.373581 933.000000
-26.131466 136.373581 933.000000
-23.953842 136.645782 933.000000
-8.982692 136.373581 933.000000
-6.532866 136.373581 933.000000
-4.899650 136.373581 933.000000
-60.429016 138.823410 933.000000
-58.795799 138.823410 933.000000
-56.345974 138.823410 933.000000
-53.896149 138.823410 933.000000
-51.446323 138.823410 933.000000
-48.996498 138.823410 933.000000
-46.546673 138.823410 933.000000
-44.096851 138.823410 933.000000
-41.647022 138.823410 933.000000
-38.380592 138.823410 933.000000
-35.930763 138.823410 933.000000
-33.480942 138.823410 933.000000
-31.031115 138.823410 933.000000
-28.581291 138.823410 933.000000
-26.131466 138.823410 933.000000
-23.681641 138.823410 933.000000
-21.231815 138.823410 933.000000
-19.598600 138.823410 933.000000
-8.982692 138.823410 933.000000
-6.532866 138.823410 933.000000
-4.899650 138.823410 933.000000
-60.429016 141.273239 933.000000
-58.795799 141.273239 933.000000
-56.345974 141.273239 933.000000
-53.896149 141.273239 933.000000
-51.446323 141.273239 933.000000
-48.996498 141.273239 933.000000
-46.546673 141.273239 933.000000
-44.096851 141.273239 933.000000
-28.581291 141.273239 933.000000
-26.131466 140.456635 933.000000
-22.865032 140.456635 933.000000
-21.231815 141.273239 933.000000
-18.781990 141.273239 933.000000
-16.332167 141.273239 933.000000
-13.882341 142.089844 933.000000
-8.982692 142.089844 933.000000
-6.532866 141.273239 933.000000
-4.899650 141.273239 933.000000
-60.429016 143.723053 933.000000
-57.162582 143.723053 933.000000
-45.730064 143.723053 933.000000
-44.096851 143.723053 933.000000
-28.581291 143.723053 933.000000
-26.131466 143.723053 933.000000
-21.231815 143.723053 933.000000
-18.781990 143.723053 933.000000
-16.332167 143.723053 933.000000
-14.698950 143.723053 933.000000
-8.982692 143.723053 933.000000
-6.532866 143.723053 933.000000
-4.899650 143.723053 933.000000
-61.245621 145.356262 933.000000
-56.345974 145.356262 933.000000
-48.996498 146.172882 933.000000
-46.818878 146.445099 933.000000
-44.096851 146.172882 933.000000
-42.463631 146.989502 933.000000
-28.581291 145.356262 933.000000
-21.231815 145.356262 933.000000
-18.509789 145.900681 933.000000
-16.332167 146.172882 933.000000
-14.698950 146.172882 933.000000
-8.982692 146.172882 933.000000
-6.532866 146.172882 933.000000
-4.899650 146.172882 933.000000
-41.647022 148.622711 933.000000
-39.197201 148.622711 933.000000
-28.581291 148.622711 933.000000
-18.781990 148.622711 933.000000
-16.332167 148.622711 933.000000
-13.882341 148.622711 933.000000
-11.432516 148.622711 933.000000
-8.982692 148.622711 933.000000
-6.532866 148.622711 933.000000
-4.899650 148.622711 933.000000
-40.830414 151.072540 933.000000
-38.380592 151.072540 933.000000
-35.930763 151.072540 933.000000
-33.480942 151.072540 933.000000
-31.031115 151.072540 933.000000
-28.581291 151.072540 933.000000
-26.131466 151.072540 933.000000
-23.681641 151.889145 933.000000
-21.231815 151.072540 933.000000
-18.781992 151.072540 933.000000
-16.332167 151.072540 933.000000
-13.882341 151.072540 933.000000
-11.432516 151.072540 933.000000
-8.982692 151.072540 933.000000
-6.532866 150.255920 933.000000
-37.563980 153.522369 933.000000
-35.930763 153.522369 933.000000
-33.480942 153.522369 933.000000
-31.031115 153.522369 933.000000
-28.581291 153.522369 933.000000
-26.131466 153.522369 933.000000
-23.681641 153.522369 933.000000
-21.231815 153.522369 933.000000
-18.781990 153.522369 933.000000
-16.332167 153.522369 933.000000
-13.882341 153.522369 933.000000
-11.432516 153.522369 933.000000
-8.982692 153.522369 933.000000
-38.108391 156.244400 933.000000
-35.930763 155.972198 933.000000
-33.480942 155.972198 933.000000
-31.031115 155.155579 933.000000
-28.581291 155.972198 933.000000
-26.131466 155.972198 933.000000
-23.953842 155.699997 933.000000
-21.231815 155.972198 933.000000
-16.332167 155.972198 933.000000
-13.882341 155.155579 933.000000
-11.432516 155.972198 933.000000
-8.982692 155.972198 933.000000
-37.563980 158.422012 933.000000
-35.930763 158.422012 933.000000
-33.480942 158.422012 933.000000
-26.131466 158.422012 933.000000
-38.380592 160.871841 933.000000
-35.930763 160.871841 933.000000
-34.297546 160.871841 933.000000
-38.380592 163.321655 933.000000
-35.930763 164.138260 933.000000
-34.297546 164.138260 933.000000
-37.563980 166.588104 933.000000
-35.930763 166.588104 933.000000
-90.934967 43.419403 936.000000
-88.477280 43.419403 936.000000
-86.838806 43.419403 936.000000
-90.115738 45.877106 936.000000
-88.477280 45.877106 936.000000
-86.838806 45.877106 936.000000
36.046295 45.877106 936.000000
-86.838806 48.334808 936.000000
19.661617 49.154041 936.000000
36.046295 47.515572 936.000000
19.661617 50.792511 936.000000
21.300083 52.430977 936.000000
-88.477280 77.008003 936.000000
-93.392677 78.646469 936.000000
-90.934975 78.646469 936.000000
-88.477280 78.646469 936.000000
-86.019569 78.646469 936.000000
-93.392677 81.104172 936.000000
-90.934975 81.104172 936.000000
14.746212 81.923401 936.000000
16.384682 81.104172 936.000000
18.842382 80.284935 936.000000
21.300083 81.104172 936.000000
23.757786 81.923401 936.000000
26.215488 81.923401 936.000000
28.673191 81.923401 936.000000
31.130892 81.923401 936.000000
33.588596 81.923401 936.000000
-91.754211 83.561867 936.000000
16.384682 83.561867 936.000000
24.577021 83.561867 936.000000
26.215488 83.561867 936.000000
27.853956 83.561867 936.000000
31.130892 83.561867 936.000000
9.830809 86.019569 936.000000
11.469276 86.019569 936.000000
13.107744 86.019569 936.000000
16.384682 85.200333 936.000000
18.023148 85.200333 936.000000
24.577021 85.200333 936.000000
26.215488 85.200333 936.000000
6.553872 88.477280 936.000000
8.192341 88.477280 936.000000
-9.011575 90.934975 936.000000
-6.553872 91.754211 936.000000
-4.369248 91.208054 936.000000
4.096170 90.115738 936.000000
6.553872 90.115738 936.000000
8.192341 90.115738 936.000000
-11.469276 93.392677 936.000000
-6.553872 93.392677 936.000000
-4.096170 93.392677 936.000000
-13.107744 96.669617 936.000000
-11.469276 95.850380 936.000000
-9.011575 96.669617 936.000000
-6.553872 95.850380 936.000000
-4.096170 95.850380 936.000000
-1.638468 96.669617 936.000000
-54.069443 99.946548 936.000000
-52.430977 99.946548 936.000000
-13.107744 98.308083 936.000000
-11.469276 98.308083 936.000000
-9.011575 99.127312 936.000000
-6.553872 99.127319 936.000000
-4.096170 99.127319 936.000000
-54.069443 101.585022 936.000000
-52.430977 101.585022 936.000000
-8.192341 101.585022 936.000000
-55.707912 104.861954 936.000000
-54.069443 104.042725 936.000000
-51.884823 104.315796 936.000000
-54.069443 106.500427 936.000000
-51.611744 106.500427 936.000000
-51.884823 108.685043 936.000000
-6.553872 108.138885 936.000000
-52.430977 111.415825 936.000000
-8.192341 111.415825 936.000000
-6.553872 111.415825 936.000000
-58.984848 113.873535 936.000000
-57.346382 114.692764 936.000000
-52.430977 113.873535 936.000000
-8.192341 114.692764 936.000000
-6.553872 114.692764 936.000000
-57.346382 116.331230 936.000000
-54.069443 116.331230 936.000000
-51.611744 116.331230 936.000000
-8.192341 116.331230 936.000000
-6.553872 116.331230 936.000000
-60.623314 119.608162 936.000000
-58.984848 118.788925 936.000000
-57.346382 117.969696 936.000000
-8.192341 117.969696 936.000000
-6.553872 118.788925 936.000000
-60.623314 121.246628 936.000000
-6.553872 121.246628 936.000000
-4.915404 121.246628 936.000000
-4.096170 123.704338 936.000000
-4.096170 126.162041 936.000000
-3.823092 128.346664 936.000000
-1.638468 129.438980 936.000000
-3.276936 131.077454 936.000000
-1.638468 131.077454 936.000000
-3.276936 133.535156 936.000000
-1.638468 132.715912 936.000000
-3.276936 135.992859 936.000000
-3.276936 138.450562 936.000000
-1.638468 138.450562 936.000000
-42.600166 140.908249 936.000000
-40.961700 140.908249 936.000000
-38.503998 140.908249 936.000000
-36.046295 140.908249 936.000000
-33.588596 140.908249 936.000000
-24.577021 140.908249 936.000000
-3.276936 140.908249 936.000000
-1.638468 140.908249 936.000000
-42.600166 143.365936 936.000000
-40.961700 143.365936 936.000000
-38.503998 143.365936 936.000000
-36.046295 143.365936 936.000000
-33.588596 143.365936 936.000000
-31.130892 143.365936 936.000000
-26.215488 142.546707 936.000000
-23.757786 143.365936 936.000000
-3.276936 143.365936 936.000000
-42.600166 145.823654 936.000000
-40.961700 146.642883 936.000000
-38.503998 146.642883 936.000000
-36.046295 146.642883 936.000000
-33.588596 146.642883 936.000000
-31.130892 146.642883 936.000000
-28.673191 147.462112 936.000000
-26.215488 146.642883 936.000000
-23.757786 146.642883 936.000000
-21.300083 147.462112 936.000000
-19.661617 147.462112 936.000000
-37.684765 149.100586 936.000000
-36.046295 149.100586 936.000000
-33.588596 149.100586 936.000000
-31.130892 149.100586 936.000000
-26.215488 149.100586 936.000000
-23.757786 149.100586 936.000000
-21.300083 149.100586 936.000000
-23.757786 150.739059 936.000000
-6.553872 152.377533 936.000000
-4.096170 151.558304 936.000000
-6.553872 154.016006 936.000000
-4.096170 154.016006 936.000000
-31.130892 157.292938 936.000000
-6.553872 156.473709 936.000000
-31.130892 158.931412 936.000000
-28.673191 158.931412 936.000000
-31.130892 161.389099 936.000000
-92.048294 39.449272 939.000000
-90.404579 41.092987 939.000000
-88.760857 41.092987 939.000000
-87.117134 41.092987 939.000000
-85.473419 43.558571 939.000000
-83.829697 43.558571 939.000000
-85.473419 46.024147 939.000000
-83.829697 46.024147 939.000000
-82.185974 46.024147 939.000000
-85.473419 48.489727 939.000000
-83.829697 48.489727 939.000000
-82.185974 47.667870 939.000000
18.902775 48.489727 939.000000
18.080914 50.955307 939.000000
19.724636 52.599030 939.000000
-88.760857 81.364120 939.000000
-87.117134 82.185974 939.000000
18.902775 82.185974 939.000000
-90.404579 83.829697 939.000000
-88.760857 83.829697 939.000000
-87.117134 83.829697 939.000000
18.902775 83.829697 939.000000
21.368355 83.829697 939.000000
23.012074 83.829697 939.000000
29.586952 83.829697 939.000000
33.696251 83.829697 939.000000
-91.226440 85.473419 939.000000
21.368355 86.295273 939.000000
23.559980 86.569229 939.000000
26.299515 87.117134 939.000000
28.765093 85.473419 939.000000
31.230671 85.473419 939.000000
0.821860 92.048294 939.000000
4.109299 92.048294 939.000000
6.574879 92.048294 939.000000
-1.643720 93.692009 939.000000
-1.643720 95.335739 939.000000
0.000000 96.157593 939.000000
-4.383253 110.677116 939.000000
-4.931159 113.416649 939.000000
-61.365532 115.608276 939.000000
-59.173904 116.704094 939.000000
-4.383253 116.156189 939.000000
-60.817623 118.347809 939.000000
-4.109299 119.169662 939.000000
-3.287439 121.635246 939.000000
-1.643720 121.635246 939.000000
-1.643720 124.100822 939.000000
-1.643720 126.566399 939.000000
-1.643720 128.210114 939.000000
-92.244347 36.238850 941.000000
-91.146202 38.435146 941.000000
-88.949913 39.533295 941.000000
24.708307 44.474957 941.000000
26.355530 44.474957 941.000000
19.766647 46.122173 941.000000
21.413866 46.122173 941.000000
-60.947159 49.416615 941.000000
-59.299938 49.416615 941.000000
16.472206 49.416615 941.000000
18.119425 47.769394 941.000000
-59.299938 51.063835 941.000000
16.472206 51.063835 941.000000
-63.143448 53.809204 941.000000
-60.947159 53.534668 941.000000
-59.299938 53.534668 941.000000
-88.949913 86.479080 941.000000
8.236103 92.244347 941.000000
0.823610 93.891571 941.000000
4.118052 93.891571 941.000000
6.588882 93.891571 941.000000
8.236103 93.891571 941.000000
1.647221 95.538788 941.000000
4.392589 96.087860 941.000000
6.588882 96.362396 941.000000
8.236103 97.186005 941.000000
6.588882 98.833229 941.000000
-3.294441 112.011002 941.000000
-1.647221 112.011002 941.000000
-3.294441 113.658218 941.000000
-1.647221 113.658218 941.000000
-3.294441 115.305435 941.000000
-1.647221 116.129044 941.000000
0.000000 115.305435 941.000000
-1.647221 118.599876 941.000000
-1.647221 120.247093 941.000000
0.000000 121.894318 941.000000
0.000000 123.541534 941.000000
0.000000 126.012360 941.000000
0.000000 140.013733 941.000000
-90.885963 34.701912 944.000000
-90.885963 36.354385 944.000000
16.524721 44.616749 944.000000
19.003429 44.616749 944.000000
21.482136 43.790512 944.000000
23.960844 43.790512 944.000000
26.439552 42.964272 944.000000
28.092026 42.964272 944.000000
14.872249 46.269218 944.000000
16.524721 46.269218 944.000000
18.177193 46.269218 944.000000
-57.836521 48.747925 944.000000
-56.184052 49.574158 944.000000
-54.531578 49.574158 944.000000
14.872249 48.747925 944.000000
16.524721 47.921692 944.000000
-61.141464 51.226635 944.000000
-57.836521 51.226635 944.000000
-56.184052 51.226635 944.000000
14.872249 51.226635 944.000000
-64.446404 52.879105 944.000000
-57.836521 53.705341 944.000000
-56.184052 53.705341 944.000000
14.872249 52.879105 944.000000
16.524721 52.879105 944.000000
-63.620171 56.184052 944.000000
-66.098885 59.488995 944.000000
-63.895580 58.387344 944.000000
-66.098885 61.141464 944.000000
-64.446404 61.141464 944.000000
0.000000 117.325516 944.000000
0.826236 118.977989 944.000000
1.101648 121.181274 944.000000
1.652472 123.935402 944.000000
1.652472 125.587868 944.000000
0.000000 128.892807 944.000000
0.000000 130.545303 944.000000
0.000000 133.850250 944.000000
0.000000 136.328949 944.000000
-66.098885 138.807648 944.000000
1.652472 138.807648 944.000000
-66.098885 141.286346 944.000000
1.652472 141.286346 944.000000
-67.751358 143.765060 944.000000
-66.098885 143.765060 944.000000
-92.734497 33.119461 946.000000
-91.078522 33.119461 946.000000
26.495569 39.743351 946.000000
29.807514 38.915367 946.000000
21.527649 41.399326 946.000000
24.011610 41.399326 946.000000
26.495569 41.399326 946.000000
28.979528 41.399326 946.000000
31.463486 41.399326 946.000000
16.559731 43.055298 946.000000
19.043690 43.055298 946.000000
23.183624 43.055298 946.000000
-56.303085 48.023216 946.000000
13.247785 49.679192 946.000000
-54.647110 51.335163 946.000000
11.591812 51.335163 946.000000
13.247785 51.335163 946.000000
11.591812 54.647110 946.000000
13.799776 54.095119 946.000000
16.559731 54.647110 946.000000
-66.238922 57.959057 946.000000
-62.926971 59.615028 946.000000
-64.582947 62.926971 946.000000
6.623892 101.014359 946.000000
8.279865 101.014359 946.000000
4.967919 102.670326 946.000000
6.623892 102.670326 946.000000
9.383846 103.222321 946.000000
11.591812 102.670326 946.000000
6.623892 105.982277 946.000000
1.655973 117.574081 946.000000
3.311946 119.230057 946.000000
3.311946 120.886024 946.000000
3.311946 123.369987 946.000000
1.655973 128.337906 946.000000
3.311946 129.165894 946.000000
1.655973 131.649857 946.000000
3.311946 131.649857 946.000000
1.655973 134.133820 946.000000
3.311946 134.133820 946.000000
1.655973 136.617783 946.000000
3.311946 136.617783 946.000000
4.139933 139.101730 946.000000
4.139933 141.585693 946.000000
-93.582321 29.348301 949.000000
-91.367348 29.071430 949.000000
-93.028572 31.563267 949.000000
-91.367348 31.563267 949.000000
21.595919 34.885715 949.000000
23.257143 34.885715 949.000000
26.579592 34.055107 949.000000
29.071430 34.055107 949.000000
19.934694 36.546940 949.000000
21.595919 36.546940 949.000000
24.087755 36.546940 949.000000
26.579592 36.546940 949.000000
29.071430 36.546940 949.000000
31.563267 36.546940 949.000000
19.934694 39.038776 949.000000
21.595919 39.038776 949.000000
24.087755 39.038776 949.000000
26.579592 38.208164 949.000000
28.240818 39.038776 949.000000
31.563267 39.038776 949.000000
19.104082 41.530613 949.000000
4.153061 101.334702 949.000000
1.107483 104.103416 949.000000
3.876191 104.103416 949.000000
6.644898 104.657150 949.000000
8.306124 104.657150 949.000000
11.628572 104.657150 949.000000
4.153061 106.318367 949.000000
9.136736 106.318367 949.000000
11.628572 106.318367 949.000000
14.120408 106.318367 949.000000
4.153061 107.979599 949.000000
6.644898 108.810211 949.000000
9.136736 108.810211 949.000000
11.628572 108.810211 949.000000
13.843538 109.087082 949.000000
9.967347 111.302040 949.000000
11.628572 111.302040 949.000000
14.951020 111.302040 949.000000
3.322449 114.624496 949.000000
6.644898 113.793884 949.000000
9.136736 113.793884 949.000000
11.628572 113.793884 949.000000
14.120408 112.963272 949.000000
1.661224 116.285721 949.000000
3.322449 116.285721 949.000000
6.644898 116.285721 949.000000
9.136736 116.285721 949.000000
4.429933 118.500694 949.000000
6.644898 118.777557 949.000000
9.136736 118.777550 949.000000
11.628572 119.608162 949.000000
4.983674 121.269386 949.000000
6.644898 121.269386 949.000000
9.136736 121.269386 949.000000
4.983674 122.930618 949.000000
3.322449 126.253067 949.000000
4.153061 128.744888 949.000000
4.983674 131.236740 949.000000
4.983674 133.728592 949.000000
8.306124 132.897980 949.000000
4.983674 136.220413 949.000000
6.644898 136.220413 949.000000
8.306124 136.220413 949.000000
11.628572 136.220413 949.000000
4.983674 137.881638 949.000000
6.644898 138.712250 949.000000
9.136736 138.712250 949.000000
11.628572 138.712250 949.000000
14.120408 138.712250 949.000000
6.644898 141.204086 949.000000
9.136736 141.204086 949.000000
11.628572 141.204086 949.000000
14.120408 141.204086 949.000000
4.983674 144.526535 949.000000
6.644898 143.695923 949.000000
8.859865 143.419052 949.000000
4.153061 146.187759 949.000000
4.153061 148.679596 949.000000
6.644898 148.679596 949.000000
9.136736 149.510208 949.000000
4.153061 151.171432 949.000000
6.644898 151.171432 949.000000
9.136736 151.171432 949.000000
6.644898 152.832657 949.000000
-89.156471 24.997141 952.000000
-86.656754 24.997141 952.000000
-84.990280 24.997141 952.000000
-91.656189 26.663618 952.000000
-89.156471 26.663618 952.000000
-86.656754 26.663618 952.000000
-84.990280 26.663618 952.000000
-89.156471 29.163334 952.000000
-86.656754 28.330095 952.000000
-86.656754 34.162762 952.000000
-84.990280 34.995998 952.000000
-84.990280 36.662476 952.000000
-83.879303 38.884445 952.000000
-81.657326 39.162189 952.000000
18.331238 39.162189 952.000000
-73.324951 51.660763 952.000000
-71.658470 51.660763 952.000000
-69.991997 51.660763 952.000000
-76.657898 54.993710 952.000000
-73.880447 54.438217 952.000000
-71.658470 54.993710 952.000000
-69.991997 54.160473 952.000000
-69.158752 56.660191 952.000000
4.166191 109.987419 952.000000
4.166191 111.653893 952.000000
6.665905 111.653893 952.000000
8.332381 111.653893 952.000000
4.443937 113.875877 952.000000
14.165047 114.986855 952.000000
11.665333 116.653328 952.000000
14.165047 116.653328 952.000000
11.665333 118.319801 952.000000
14.165047 118.319801 952.000000
11.665333 121.652756 952.000000
14.165047 121.652756 952.000000
4.999429 124.985703 952.000000
6.665905 124.152466 952.000000
9.165619 124.152466 952.000000
11.665333 124.152466 952.000000
4.999429 126.652184 952.000000
6.665905 126.652184 952.000000
8.332381 126.652184 952.000000
4.999429 128.318649 952.000000
6.665905 129.151886 952.000000
8.332381 129.151886 952.000000
6.665905 131.651627 952.000000
9.165619 131.651627 952.000000
6.665905 134.151337 952.000000
9.443365 134.429077 952.000000
9.998857 144.983429 952.000000
11.665333 144.150177 952.000000
6.665905 146.649902 952.000000
9.165619 146.649902 952.000000
9.165619 148.316376 952.000000
11.665333 149.149597 952.000000
13.331809 149.982834 952.000000
11.665333 151.649323 952.000000
13.331809 151.649323 952.000000
9.165619 154.149048 952.000000
11.665333 154.149048 952.000000
-86.003815 18.369747 954.000000
-85.725487 20.596384 954.000000
-86.003815 23.379681 954.000000
-85.168831 28.389610 954.000000
-83.498848 28.389610 954.000000
-86.003815 30.894577 954.000000
-85.168831 33.399540 954.000000
-83.498848 33.399540 954.000000
-83.498848 35.904507 954.000000
-81.272217 36.182838 954.000000
-80.158897 38.409470 954.000000
-75.983948 50.934299 954.000000
-73.478989 50.099308 954.000000
-71.809013 50.099308 954.000000
-78.488922 53.439266 954.000000
-75.983948 53.439266 954.000000
-71.809013 53.439266 954.000000
-78.488922 55.944229 954.000000
-75.983948 56.779221 954.000000
-73.478989 56.779221 954.000000
-71.809013 56.779221 954.000000
-78.488922 58.449196 954.000000
-75.983948 58.449196 954.000000
-73.478989 58.449196 954.000000
-70.974030 58.449196 954.000000
-73.478989 60.954163 954.000000
-71.809013 60.954163 954.000000
11.689840 146.957977 954.000000
13.359817 146.122986 954.000000
13.359817 148.627945 954.000000
-82.086197 33.504570 957.000000
46.340988 108.800583 1151.000000
48.355816 108.800583 1151.000000
34.252037 110.815414 1151.000000
36.266861 110.815414 1151.000000
38.281685 110.815414 1151.000000
44.326164 110.815414 1151.000000
46.340988 110.815414 1151.000000
48.355816 110.815414 1151.000000
34.252037 113.837646 1151.000000
36.266861 113.837646 1151.000000
38.281685 112.830238 1151.000000
6.044477 189.393616 1151.000000
8.059302 189.393616 1151.000000
2.014826 191.408447 1151.000000
4.029651 191.408447 1151.000000
6.044477 191.408447 1151.000000
8.059302 191.408447 1151.000000
11.081541 191.408447 1151.000000
2.014826 193.423264 1151.000000
4.029651 193.423264 1151.000000
6.044477 193.423264 1151.000000
8.059302 193.423264 1151.000000
11.081541 193.423264 1151.000000
2.014826 195.438080 1151.000000
4.029651 195.438080 1151.000000
6.044477 195.438080 1151.000000
8.059302 195.438080 1151.000000
-4.043655 194.095444 1155.000000
-2.021827 194.095444 1155.000000
0.000000 194.095444 1155.000000
-18.196447 196.117264 1155.000000
-16.174620 196.117264 1155.000000
-4.043655 196.117264 1155.000000
-2.021827 196.117264 1155.000000
0.000000 196.117264 1155.000000
-21.229189 198.139099 1155.000000
-18.196447 198.139099 1155.000000
-16.174620 198.139099 1155.000000
-14.152793 198.139099 1155.000000
-4.043655 198.139099 1155.000000
-2.021827 198.139099 1155.000000
-38.414719 202.182755 1155.000000
-36.392895 201.171844 1155.000000
-18.196447 200.160919 1155.000000
-16.174620 200.160919 1155.000000
-14.152793 200.160919 1155.000000
-40.436550 204.204575 1155.000000
-38.414719 204.204575 1155.000000
-36.392895 204.204575 1155.000000
-34.371071 204.204575 1155.000000
-41.447464 206.226410 1155.000000
-38.414719 206.226410 1155.000000
-36.392895 206.226410 1155.000000
-41.447464 208.248230 1155.000000
-38.414719 208.248230 1155.000000
-36.392895 208.248230 1155.000000
-105.863235 109.934906 1163.000000
-103.827408 109.934906 1163.000000
-101.791573 109.934906 1163.000000
-105.863235 111.970741 1163.000000
-103.827408 111.970741 1163.000000
-101.791573 111.970741 1163.000000
-105.863235 114.006561 1163.000000
-103.827408 114.006561 1163.000000
-101.791573 114.006561 1163.000000
-103.827408 116.042397 1163.000000
-101.791573 116.042397 1163.000000
-96.013191 108.270180 1167.000000
-96.013191 111.334435 1167.000000
-93.970345 111.334435 1167.000000
-91.927513 112.355850 1167.000000
-93.970345 114.398689 1167.000000
-91.927513 114.398689 1167.000000
