-922.349060 516.177002 2417.000000
-918.118042 516.177002 2417.000000
-926.580017 520.407898 2417.000000
-922.349060 520.407898 2417.000000
-937.357788 524.068237 2434.000000
-924.575623 524.068237 2434.000000
-937.357788 528.328979 2434.000000
-933.097046 528.328979 2434.000000
-928.836365 528.328979 2434.000000
-924.575623 528.328979 2434.000000
-941.618530 532.589661 2434.000000
-937.357788 532.589661 2434.000000
-933.097046 532.589661 2434.000000
-534.970337 644.595398 2505.000000
-539.355347 648.980408 2505.000000
-534.970337 648.980408 2505.000000
-530.585327 648.980408 2505.000000
-539.355347 653.365417 2505.000000
-534.970337 653.365417 2505.000000
-530.585327 653.365417 2505.000000
-539.355347 657.750427 2505.000000
-534.970337 657.750427 2505.000000
-530.585327 657.750427 2505.000000
-517.430298 657.750427 2505.000000
-539.355347 662.135437 2505.000000
-534.970337 662.135437 2505.000000
-530.585327 662.135437 2505.000000
-526.200378 662.135437 2505.000000
-517.430298 662.135437 2505.000000
-517.430298 666.520447 2505.000000
-539.355347 670.905396 2505.000000
-534.970337 670.905396 2505.000000
-530.585327 670.905396 2505.000000
-526.200378 670.905396 2505.000000
-521.815308 670.905396 2505.000000
-517.430298 670.905396 2505.000000
-513.045288 670.905396 2505.000000
-508.660309 670.905396 2505.000000
-491.120300 670.905396 2505.000000
-486.735321 670.905396 2505.000000
-539.355347 675.290405 2505.000000
-534.970337 675.290405 2505.000000
-530.585327 675.290405 2505.000000
-526.200378 675.290405 2505.000000
-521.815308 675.290405 2505.000000
-517.430298 675.290405 2505.000000
-491.120300 675.290405 2505.000000
-486.735321 675.290405 2505.000000
-539.355347 679.675415 2505.000000
-534.970337 679.675415 2505.000000
-530.585327 679.675415 2505.000000
-526.200378 679.675415 2505.000000
-521.815308 679.675415 2505.000000
-517.430298 679.675415 2505.000000
-513.045288 679.675415 2505.000000
-491.120300 679.675415 2505.000000
-486.735321 679.675415 2505.000000
-477.965332 679.675415 2505.000000
-473.580322 679.675415 2505.000000
-534.970337 684.060425 2505.000000
-530.585327 684.060425 2505.000000
-526.200378 684.060425 2505.000000
-521.815308 684.060425 2505.000000
-517.430298 684.060425 2505.000000
-530.585327 688.445496 2505.000000
-526.200378 688.445496 2505.000000
-521.815308 688.445496 2505.000000
-517.430298 688.445496 2505.000000
-495.505341 688.445496 2505.000000
-491.120300 688.445496 2505.000000
-486.735321 688.445496 2505.000000
-482.350311 688.445496 2505.000000
-477.965332 688.445496 2505.000000
-473.580322 688.445496 2505.000000
-469.195343 688.445496 2505.000000
-464.810272 688.445496 2505.000000
-491.120300 692.830505 2505.000000
-486.735321 692.830505 2505.000000
-482.350311 692.830505 2505.000000
-477.965332 692.830505 2505.000000
-473.580322 692.830505 2505.000000
-469.195343 692.830505 2505.000000
-464.810272 692.830505 2505.000000
-495.505341 697.215515 2505.000000
-491.120300 697.215515 2505.000000
-486.735321 697.215515 2505.000000
-482.350311 697.215515 2505.000000
-477.965332 697.215515 2505.000000
-473.580322 697.215515 2505.000000
-469.195343 697.215515 2505.000000
-464.810272 697.215515 2505.000000
-491.120300 701.600464 2505.000000
-486.735321 701.600464 2505.000000
-482.350311 701.600464 2505.000000
-477.965332 701.600464 2505.000000
-473.580322 701.600464 2505.000000
-486.735321 705.985474 2505.000000
-482.350311 705.985474 2505.000000
-477.965332 705.985474 2505.000000
-473.580322 705.985474 2505.000000
-486.735321 710.370483 2505.000000
-482.350311 710.370483 2505.000000
-477.965332 710.370483 2505.000000
-473.580322 710.370483 2505.000000
-482.350311 714.755493 2505.000000
-477.965332 714.755493 2505.000000
-473.580322 714.755493 2505.000000
-486.735321 719.140442 2505.000000
-482.350311 719.140442 2505.000000
-477.965332 719.140442 2505.000000
-473.580322 719.140442 2505.000000
-372.725250 837.535583 2505.000000
-368.340240 837.535583 2505.000000
-372.725250 841.920532 2505.000000
-368.340240 841.920532 2505.000000
-372.725250 846.305542 2505.000000
-368.340240 846.305542 2505.000000
-372.725250 850.690552 2505.000000
-368.340240 850.690552 2505.000000
-363.955231 850.690552 2505.000000
-359.570221 850.690552 2505.000000
-363.955231 855.075562 2505.000000
-359.570221 855.075562 2505.000000
-355.185242 855.075562 2505.000000
-350.800232 855.075562 2505.000000
-372.725250 859.460571 2505.000000
-368.340240 859.460571 2505.000000
-363.955231 859.460571 2505.000000
-359.570221 859.460571 2505.000000
-355.185242 859.460571 2505.000000
-350.800232 859.460571 2505.000000
-359.570221 863.845581 2505.000000
-355.185242 863.845581 2505.000000
-350.800232 863.845581 2505.000000
-516.731873 627.144653 2523.000000
-494.649323 627.144653 2523.000000
-490.232788 627.144653 2523.000000
-547.647461 631.561157 2523.000000
-543.230957 631.561157 2523.000000
-538.814453 631.561157 2523.000000
-534.397888 631.561157 2523.000000
-521.148376 631.561157 2523.000000
-516.731873 631.561157 2523.000000
-499.065826 631.561157 2523.000000
-494.649323 631.561157 2523.000000
-490.232788 631.561157 2523.000000
-485.816315 631.561157 2523.000000
-556.480469 635.977661 2523.000000
-552.063965 635.977661 2523.000000
-547.647461 635.977661 2523.000000
-543.230957 635.977661 2523.000000
-534.397888 635.977661 2523.000000
-529.981384 635.977661 2523.000000
-525.564819 635.977661 2523.000000
-521.148376 635.977661 2523.000000
-516.731873 635.977661 2523.000000
-512.315308 635.977661 2523.000000
-507.898804 635.977661 2523.000000
-503.482330 635.977661 2523.000000
-499.065826 635.977661 2523.000000
-494.649323 635.977661 2523.000000
-490.232788 635.977661 2523.000000
-485.816315 635.977661 2523.000000
-472.566742 635.977661 2523.000000
-468.150238 635.977661 2523.000000
-565.313538 640.394226 2523.000000
-560.896973 640.394226 2523.000000
-556.480469 640.394226 2523.000000
-552.063965 640.394226 2523.000000
-547.647461 640.394226 2523.000000
-543.230957 640.394226 2523.000000
-538.814453 640.394226 2523.000000
-534.397888 640.394226 2523.000000
-529.981384 640.394226 2523.000000
-525.564819 640.394226 2523.000000
-521.148376 640.394226 2523.000000
-516.731873 640.394226 2523.000000
-499.065826 640.394226 2523.000000
-494.649323 640.394226 2523.000000
-490.232788 640.394226 2523.000000
-485.816315 640.394226 2523.000000
-481.399780 640.394226 2523.000000
-476.983276 640.394226 2523.000000
-472.566742 640.394226 2523.000000
-468.150238 640.394226 2523.000000
-463.733704 640.394226 2523.000000
-459.317200 640.394226 2523.000000
-565.313538 644.810669 2523.000000
-560.896973 644.810669 2523.000000
-556.480469 644.810669 2523.000000
-552.063965 644.810669 2523.000000
-547.647461 644.810669 2523.000000
-543.230957 644.810669 2523.000000
-538.814453 644.810669 2523.000000
-534.397888 644.810669 2523.000000
-529.981384 644.810669 2523.000000
-525.564819 644.810669 2523.000000
-521.148376 644.810669 2523.000000
-516.731873 644.810669 2523.000000
-512.315308 644.810669 2523.000000
-507.898804 644.810669 2523.000000
-499.065826 644.810669 2523.000000
-494.649323 644.810669 2523.000000
-490.232788 644.810669 2523.000000
-485.816315 644.810669 2523.000000
-481.399780 644.810669 2523.000000
-476.983276 644.810669 2523.000000
-472.566742 644.810669 2523.000000
-463.733704 644.810669 2523.000000
-459.317200 644.810669 2523.000000
-569.729980 649.227173 2523.000000
-565.313538 649.227173 2523.000000
-560.896973 649.227173 2523.000000
-556.480469 649.227173 2523.000000
-552.063965 649.227173 2523.000000
-547.647461 649.227173 2523.000000
-543.230957 649.227173 2523.000000
-534.397888 649.227173 2523.000000
-529.981384 649.227173 2523.000000
-525.564819 649.227173 2523.000000
-521.148376 649.227173 2523.000000
-516.731873 649.227173 2523.000000
-512.315308 649.227173 2523.000000
-507.898804 649.227173 2523.000000
-503.482330 649.227173 2523.000000
-499.065826 649.227173 2523.000000
-494.649323 649.227173 2523.000000
-490.232788 649.227173 2523.000000
-485.816315 649.227173 2523.000000
-481.399780 649.227173 2523.000000
-476.983276 649.227173 2523.000000
-472.566742 649.227173 2523.000000
-463.733704 649.227173 2523.000000
-459.317200 649.227173 2523.000000
-569.729980 653.643738 2523.000000
-565.313538 653.643738 2523.000000
-560.896973 653.643738 2523.000000
-556.480469 653.643738 2523.000000
-552.063965 653.643738 2523.000000
-547.647461 653.643738 2523.000000
-529.981384 653.643738 2523.000000
-525.564819 653.643738 2523.000000
-521.148376 653.643738 2523.000000
-516.731873 653.643738 2523.000000
-512.315308 653.643738 2523.000000
-507.898804 653.643738 2523.000000
-503.482330 653.643738 2523.000000
-499.065826 653.643738 2523.000000
-494.649323 653.643738 2523.000000
-485.816315 653.643738 2523.000000
-481.399780 653.643738 2523.000000
-476.983276 653.643738 2523.000000
-472.566742 653.643738 2523.000000
-468.150238 653.643738 2523.000000
-463.733704 653.643738 2523.000000
-459.317200 653.643738 2523.000000
-565.313538 658.060181 2523.000000
-560.896973 658.060181 2523.000000
-556.480469 658.060181 2523.000000
-552.063965 658.060181 2523.000000
-547.647461 658.060181 2523.000000
-529.981384 658.060181 2523.000000
-525.564819 658.060181 2523.000000
-521.148376 658.060181 2523.000000
-516.731873 658.060181 2523.000000
-512.315308 658.060181 2523.000000
-507.898804 658.060181 2523.000000
-499.065826 658.060181 2523.000000
-494.649323 658.060181 2523.000000
-490.232788 658.060181 2523.000000
-485.816315 658.060181 2523.000000
-481.399780 658.060181 2523.000000
-476.983276 658.060181 2523.000000
-472.566742 658.060181 2523.000000
-468.150238 658.060181 2523.000000
-463.733704 658.060181 2523.000000
-459.317200 658.060181 2523.000000
-565.313538 662.476746 2523.000000
-560.896973 662.476746 2523.000000
-556.480469 662.476746 2523.000000
-547.647461 662.476746 2523.000000
-529.981384 662.476746 2523.000000
-525.564819 662.476746 2523.000000
-516.731873 662.476746 2523.000000
-512.315308 662.476746 2523.000000
-507.898804 662.476746 2523.000000
-503.482330 662.476746 2523.000000
-499.065826 662.476746 2523.000000
-494.649323 662.476746 2523.000000
-490.232788 662.476746 2523.000000
-485.816315 662.476746 2523.000000
-481.399780 662.476746 2523.000000
-476.983276 662.476746 2523.000000
-472.566742 662.476746 2523.000000
-468.150238 662.476746 2523.000000
-463.733704 662.476746 2523.000000
-459.317200 662.476746 2523.000000
-565.313538 666.893250 2523.000000
-560.896973 666.893250 2523.000000
-556.480469 666.893250 2523.000000
-552.063965 666.893250 2523.000000
-547.647461 666.893250 2523.000000
-525.564819 666.893250 2523.000000
-516.731873 666.893250 2523.000000
-512.315308 666.893250 2523.000000
-507.898804 666.893250 2523.000000
-503.482330 666.893250 2523.000000
-499.065826 666.893250 2523.000000
-494.649323 666.893250 2523.000000
-490.232788 666.893250 2523.000000
-485.816315 666.893250 2523.000000
-481.399780 666.893250 2523.000000
-476.983276 666.893250 2523.000000
-472.566742 666.893250 2523.000000
-468.150238 666.893250 2523.000000
-463.733704 666.893250 2523.000000
-459.317200 666.893250 2523.000000
-454.900696 666.893250 2523.000000
-560.896973 671.309753 2523.000000
-552.063965 671.309753 2523.000000
-547.647461 671.309753 2523.000000
-543.230957 671.309753 2523.000000
-538.814453 671.309753 2523.000000
-534.397888 671.309753 2523.000000
-529.981384 671.309753 2523.000000
-525.564819 671.309753 2523.000000
-516.731873 671.309753 2523.000000
-512.315308 671.309753 2523.000000
-507.898804 671.309753 2523.000000
-503.482330 671.309753 2523.000000
-499.065826 671.309753 2523.000000
-494.649323 671.309753 2523.000000
-490.232788 671.309753 2523.000000
-485.816315 671.309753 2523.000000
-481.399780 671.309753 2523.000000
-476.983276 671.309753 2523.000000
-472.566742 671.309753 2523.000000
-468.150238 671.309753 2523.000000
-463.733704 671.309753 2523.000000
-459.317200 671.309753 2523.000000
-454.900696 671.309753 2523.000000
-450.484192 671.309753 2523.000000
-441.651154 671.309753 2523.000000
-556.480469 675.726257 2523.000000
-552.063965 675.726257 2523.000000
-547.647461 675.726257 2523.000000
-507.898804 675.726257 2523.000000
-503.482330 675.726257 2523.000000
-499.065826 675.726257 2523.000000
-485.816315 675.726257 2523.000000
-481.399780 675.726257 2523.000000
-476.983276 675.726257 2523.000000
-472.566742 675.726257 2523.000000
-468.150238 675.726257 2523.000000
-463.733704 675.726257 2523.000000
-450.484192 675.726257 2523.000000
-552.063965 680.142761 2523.000000
-547.647461 680.142761 2523.000000
-516.731873 680.142761 2523.000000
-512.315308 680.142761 2523.000000
-507.898804 680.142761 2523.000000
-503.482330 680.142761 2523.000000
-499.065826 680.142761 2523.000000
-485.816315 680.142761 2523.000000
-481.399780 680.142761 2523.000000
-476.983276 680.142761 2523.000000
-472.566742 680.142761 2523.000000
-468.150238 680.142761 2523.000000
-463.733704 680.142761 2523.000000
-459.317200 680.142761 2523.000000
-454.900696 680.142761 2523.000000
-450.484192 680.142761 2523.000000
-446.067657 680.142761 2523.000000
-441.651154 680.142761 2523.000000
-552.063965 684.559265 2523.000000
-547.647461 684.559265 2523.000000
-512.315308 684.559265 2523.000000
-507.898804 684.559265 2523.000000
-503.482330 684.559265 2523.000000
-499.065826 684.559265 2523.000000
-485.816315 684.559265 2523.000000
-472.566742 684.559265 2523.000000
-468.150238 684.559265 2523.000000
-463.733704 684.559265 2523.000000
-459.317200 684.559265 2523.000000
-454.900696 684.559265 2523.000000
-450.484192 684.559265 2523.000000
-446.067657 684.559265 2523.000000
-441.651154 684.559265 2523.000000
-437.234650 684.559265 2523.000000
-516.731873 688.975769 2523.000000
-512.315308 688.975769 2523.000000
-507.898804 688.975769 2523.000000
-503.482330 688.975769 2523.000000
-499.065826 688.975769 2523.000000
-494.649323 688.975769 2523.000000
-490.232788 688.975769 2523.000000
-485.816315 688.975769 2523.000000
-481.399780 688.975769 2523.000000
-476.983276 688.975769 2523.000000
-472.566742 688.975769 2523.000000
-468.150238 688.975769 2523.000000
-463.733704 688.975769 2523.000000
-459.317200 688.975769 2523.000000
-454.900696 688.975769 2523.000000
-450.484192 688.975769 2523.000000
-446.067657 688.975769 2523.000000
-441.651154 688.975769 2523.000000
-437.234650 688.975769 2523.000000
-516.731873 693.392334 2523.000000
-512.315308 693.392334 2523.000000
-507.898804 693.392334 2523.000000
-503.482330 693.392334 2523.000000
-463.733704 693.392334 2523.000000
-459.317200 693.392334 2523.000000
-454.900696 693.392334 2523.000000
-450.484192 693.392334 2523.000000
-446.067657 693.392334 2523.000000
-441.651154 693.392334 2523.000000
-529.981384 697.808838 2523.000000
-525.564819 697.808838 2523.000000
-521.148376 697.808838 2523.000000
-516.731873 697.808838 2523.000000
-512.315308 697.808838 2523.000000
-507.898804 697.808838 2523.000000
-503.482330 697.808838 2523.000000
-499.065826 697.808838 2523.000000
-463.733704 697.808838 2523.000000
-459.317200 697.808838 2523.000000
-454.900696 697.808838 2523.000000
-450.484192 697.808838 2523.000000
-446.067657 697.808838 2523.000000
-441.651154 697.808838 2523.000000
-529.981384 702.225403 2523.000000
-525.564819 702.225403 2523.000000
-516.731873 702.225403 2523.000000
-507.898804 702.225403 2523.000000
-503.482330 702.225403 2523.000000
-463.733704 702.225403 2523.000000
-459.317200 702.225403 2523.000000
-454.900696 702.225403 2523.000000
-450.484192 702.225403 2523.000000
-503.482330 706.641907 2523.000000
-499.065826 706.641907 2523.000000
-472.566742 706.641907 2523.000000
-468.150238 706.641907 2523.000000
-463.733704 706.641907 2523.000000
-459.317200 706.641907 2523.000000
-503.482330 711.058350 2523.000000
-499.065826 711.058350 2523.000000
-494.649323 711.058350 2523.000000
-472.566742 711.058350 2523.000000
-468.150238 711.058350 2523.000000
-463.733704 711.058350 2523.000000
-459.317200 711.058350 2523.000000
-503.482330 715.474915 2523.000000
-499.065826 715.474915 2523.000000
-494.649323 715.474915 2523.000000
-472.566742 715.474915 2523.000000
-468.150238 715.474915 2523.000000
-463.733704 715.474915 2523.000000
-459.317200 715.474915 2523.000000
-503.482330 719.891418 2523.000000
-499.065826 719.891418 2523.000000
-494.649323 719.891418 2523.000000
-490.232788 719.891418 2523.000000
-472.566742 719.891418 2523.000000
-468.150238 719.891418 2523.000000
-499.065826 724.307983 2523.000000
-494.649323 724.307983 2523.000000
-472.566742 724.307983 2523.000000
-375.403503 834.720703 2523.000000
-370.986969 839.137268 2523.000000
-366.570465 839.137268 2523.000000
-362.153992 839.137268 2523.000000
-366.570465 843.553711 2523.000000
-362.153992 843.553711 2523.000000
-357.737457 843.553711 2523.000000
-353.320953 843.553711 2523.000000
-348.904419 843.553711 2523.000000
-366.570465 847.970276 2523.000000
-362.153992 847.970276 2523.000000
-357.737457 847.970276 2523.000000
-353.320953 847.970276 2523.000000
-348.904419 847.970276 2523.000000
-366.570465 852.386780 2523.000000
-362.153992 852.386780 2523.000000
-357.737457 852.386780 2523.000000
-353.320953 852.386780 2523.000000
-348.904419 852.386780 2523.000000
-357.737457 856.803284 2523.000000
-353.320953 856.803284 2523.000000
-348.904419 856.803284 2523.000000
-344.487885 856.803284 2523.000000
-348.904419 861.219788 2523.000000
-344.487885 861.219788 2523.000000
-340.071381 861.219788 2523.000000
-348.904419 865.636292 2523.000000
-344.487885 865.636292 2523.000000
-340.071381 865.636292 2523.000000
-348.904419 870.052795 2523.000000
-344.487885 870.052795 2523.000000
-340.071381 870.052795 2523.000000
-335.654877 870.052795 2523.000000
-362.153992 874.469299 2523.000000
-357.737457 874.469299 2523.000000
-353.320953 874.469299 2523.000000
-348.904419 874.469299 2523.000000
-344.487885 874.469299 2523.000000
-340.071381 874.469299 2523.000000
-335.654877 874.469299 2523.000000
-362.153992 878.885803 2523.000000
-357.737457 878.885803 2523.000000
-353.320953 878.885803 2523.000000
-348.904419 878.885803 2523.000000
-344.487885 878.885803 2523.000000
-340.071381 878.885803 2523.000000
-335.654877 878.885803 2523.000000
-331.238373 878.885803 2523.000000
-326.821869 878.885803 2523.000000
-362.153992 883.302307 2523.000000
-357.737457 883.302307 2523.000000
-353.320953 883.302307 2523.000000
-348.904419 883.302307 2523.000000
-344.487885 883.302307 2523.000000
-340.071381 883.302307 2523.000000
-335.654877 883.302307 2523.000000
-331.238373 883.302307 2523.000000
-326.821869 883.302307 2523.000000
-357.737457 887.718872 2523.000000
-353.320953 887.718872 2523.000000
-348.904419 887.718872 2523.000000
-344.487885 887.718872 2523.000000
-340.071381 887.718872 2523.000000
-335.654877 887.718872 2523.000000
-331.238373 887.718872 2523.000000
-326.821869 887.718872 2523.000000
-357.737457 892.135315 2523.000000
-353.320953 892.135315 2523.000000
-348.904419 892.135315 2523.000000
-344.487885 892.135315 2523.000000
-340.071381 892.135315 2523.000000
-335.654877 892.135315 2523.000000
-331.238373 892.135315 2523.000000
-326.821869 892.135315 2523.000000
-520.623230 627.417725 2542.000000
-547.321838 631.867554 2542.000000
-542.872131 631.867554 2542.000000
-538.422363 631.867554 2542.000000
-533.972534 631.867554 2542.000000
-525.072998 631.867554 2542.000000
-516.173462 631.867554 2542.000000
-511.723694 631.867554 2542.000000
-507.273926 631.867554 2542.000000
-502.824127 631.867554 2542.000000
-489.474823 631.867554 2542.000000
-485.025085 631.867554 2542.000000
-480.575317 631.867554 2542.000000
-476.125549 631.867554 2542.000000
-471.675720 631.867554 2542.000000
-467.225983 631.867554 2542.000000
-462.776184 631.867554 2542.000000
-533.972534 636.317322 2542.000000
-529.522766 636.317322 2542.000000
-516.173462 636.317322 2542.000000
-511.723694 636.317322 2542.000000
-507.273926 636.317322 2542.000000
-485.025085 636.317322 2542.000000
-480.575317 636.317322 2542.000000
-476.125549 636.317322 2542.000000
-471.675720 636.317322 2542.000000
-467.225983 636.317322 2542.000000
-462.776184 636.317322 2542.000000
-458.326416 636.317322 2542.000000
-453.876678 636.317322 2542.000000
-449.426880 636.317322 2542.000000
-444.977142 636.317322 2542.000000
-485.025085 640.767029 2542.000000
-480.575317 640.767029 2542.000000
-467.225983 640.767029 2542.000000
-462.776184 640.767029 2542.000000
-458.326416 640.767029 2542.000000
-453.876678 640.767029 2542.000000
-449.426880 640.767029 2542.000000
-444.977142 640.767029 2542.000000
-440.527344 640.767029 2542.000000
-516.173462 645.216797 2542.000000
-511.723694 645.216797 2542.000000
-507.273926 645.216797 2542.000000
-458.326416 645.216797 2542.000000
-453.876678 645.216797 2542.000000
-449.426880 645.216797 2542.000000
-444.977142 645.216797 2542.000000
-440.527344 645.216797 2542.000000
-436.077606 645.216797 2542.000000
-458.326416 649.666626 2542.000000
-453.876678 649.666626 2542.000000
-449.426880 649.666626 2542.000000
-444.977142 649.666626 2542.000000
-440.527344 649.666626 2542.000000
-436.077606 649.666626 2542.000000
-431.627808 649.666626 2542.000000
-458.326416 654.116333 2542.000000
-453.876678 654.116333 2542.000000
-449.426880 654.116333 2542.000000
-444.977142 654.116333 2542.000000
-440.527344 654.116333 2542.000000
-436.077606 654.116333 2542.000000
-458.326416 658.566101 2542.000000
-453.876678 658.566101 2542.000000
-449.426880 658.566101 2542.000000
-444.977142 658.566101 2542.000000
-440.527344 658.566101 2542.000000
-436.077606 658.566101 2542.000000
-458.326416 663.015930 2542.000000
-453.876678 663.015930 2542.000000
-449.426880 663.015930 2542.000000
-444.977142 663.015930 2542.000000
-440.527344 663.015930 2542.000000
-436.077606 663.015930 2542.000000
-431.627808 663.015930 2542.000000
-458.326416 667.465698 2542.000000
-453.876678 667.465698 2542.000000
-449.426880 667.465698 2542.000000
-444.977142 667.465698 2542.000000
-440.527344 667.465698 2542.000000
-436.077606 667.465698 2542.000000
-431.627808 667.465698 2542.000000
-453.876678 671.915405 2542.000000
-449.426880 671.915405 2542.000000
-444.977142 671.915405 2542.000000
-440.527344 671.915405 2542.000000
-436.077606 671.915405 2542.000000
-431.627808 671.915405 2542.000000
-449.426880 676.365173 2542.000000
-440.527344 676.365173 2542.000000
-436.077606 676.365173 2542.000000
-431.627808 676.365173 2542.000000
-458.326416 680.815002 2542.000000
-449.426880 680.815002 2542.000000
-444.977142 680.815002 2542.000000
-440.527344 680.815002 2542.000000
-436.077606 680.815002 2542.000000
-431.627808 680.815002 2542.000000
-440.527344 685.264771 2542.000000
-436.077606 685.264771 2542.000000
-431.627808 685.264771 2542.000000
-436.077606 689.714478 2542.000000
-431.627808 689.714478 2542.000000
-427.178070 689.714478 2542.000000
-422.728271 689.714478 2542.000000
-436.077606 694.164307 2542.000000
-431.627808 694.164307 2542.000000
-427.178070 694.164307 2542.000000
-440.527344 698.614136 2542.000000
-436.077606 698.614136 2542.000000
-440.527344 703.063904 2542.000000
-436.077606 703.063904 2542.000000
-449.426880 707.513611 2542.000000
-444.977142 707.513611 2542.000000
-440.527344 707.513611 2542.000000
-436.077606 707.513611 2542.000000
-458.326416 711.963440 2542.000000
-453.876678 711.963440 2542.000000
-449.426880 711.963440 2542.000000
-444.977142 711.963440 2542.000000
-440.527344 711.963440 2542.000000
-458.326416 716.413208 2542.000000
-453.876678 716.413208 2542.000000
-449.426880 716.413208 2542.000000
-444.977142 716.413208 2542.000000
-440.527344 716.413208 2542.000000
-391.579865 716.413208 2542.000000
-458.326416 720.862976 2542.000000
-453.876678 720.862976 2542.000000
-422.728271 720.862976 2542.000000
-396.029633 720.862976 2542.000000
-391.579865 720.862976 2542.000000
-387.130096 720.862976 2542.000000
-382.680328 720.862976 2542.000000
-467.225983 725.312683 2542.000000
-462.776184 725.312683 2542.000000
-453.876678 725.312683 2542.000000
-422.728271 725.312683 2542.000000
-396.029633 725.312683 2542.000000
-391.579865 725.312683 2542.000000
-387.130096 725.312683 2542.000000
-382.680328 725.312683 2542.000000
-471.675720 729.762512 2542.000000
-467.225983 729.762512 2542.000000
-462.776184 729.762512 2542.000000
-453.876678 729.762512 2542.000000
-444.977142 729.762512 2542.000000
-427.178070 729.762512 2542.000000
-422.728271 729.762512 2542.000000
-382.680328 729.762512 2542.000000
-378.230530 729.762512 2542.000000
-471.675720 734.212280 2542.000000
-467.225983 734.212280 2542.000000
-462.776184 734.212280 2542.000000
-453.876678 734.212280 2542.000000
-449.426880 734.212280 2542.000000
-444.977142 734.212280 2542.000000
-440.527344 734.212280 2542.000000
-436.077606 734.212280 2542.000000
-431.627808 734.212280 2542.000000
-427.178070 734.212280 2542.000000
-422.728271 734.212280 2542.000000
-418.278503 734.212280 2542.000000
-471.675720 738.662048 2542.000000
-467.225983 738.662048 2542.000000
-462.776184 738.662048 2542.000000
-458.326416 738.662048 2542.000000
-453.876678 738.662048 2542.000000
-449.426880 738.662048 2542.000000
-444.977142 738.662048 2542.000000
-440.527344 738.662048 2542.000000
-436.077606 738.662048 2542.000000
-431.627808 738.662048 2542.000000
-427.178070 738.662048 2542.000000
-422.728271 738.662048 2542.000000
-418.278503 738.662048 2542.000000
-467.225983 743.111816 2542.000000
-462.776184 743.111816 2542.000000
-458.326416 743.111816 2542.000000
-453.876678 743.111816 2542.000000
-449.426880 743.111816 2542.000000
-444.977142 743.111816 2542.000000
-440.527344 743.111816 2542.000000
-436.077606 743.111816 2542.000000
-431.627808 743.111816 2542.000000
-427.178070 743.111816 2542.000000
-422.728271 743.111816 2542.000000
-418.278503 743.111816 2542.000000
-351.531952 743.111816 2542.000000
-347.082153 743.111816 2542.000000
-342.632385 743.111816 2542.000000
-458.326416 747.561584 2542.000000
-453.876678 747.561584 2542.000000
-449.426880 747.561584 2542.000000
-444.977142 747.561584 2542.000000
-440.527344 747.561584 2542.000000
-436.077606 747.561584 2542.000000
-431.627808 747.561584 2542.000000
-427.178070 747.561584 2542.000000
-422.728271 747.561584 2542.000000
-418.278503 747.561584 2542.000000
-364.881256 747.561584 2542.000000
-360.431488 747.561584 2542.000000
-355.981720 747.561584 2542.000000
-351.531952 747.561584 2542.000000
-347.082153 747.561584 2542.000000
-342.632385 747.561584 2542.000000
-338.182587 747.561584 2542.000000
-333.732849 747.561584 2542.000000
-329.283051 747.561584 2542.000000
-453.876678 752.011353 2542.000000
-449.426880 752.011353 2542.000000
-444.977142 752.011353 2542.000000
-440.527344 752.011353 2542.000000
-436.077606 752.011353 2542.000000
-431.627808 752.011353 2542.000000
-427.178070 752.011353 2542.000000
-422.728271 752.011353 2542.000000
-360.431488 752.011353 2542.000000
-355.981720 752.011353 2542.000000
-351.531952 752.011353 2542.000000
-347.082153 752.011353 2542.000000
-342.632385 752.011353 2542.000000
-338.182587 752.011353 2542.000000
-333.732849 752.011353 2542.000000
-329.283051 752.011353 2542.000000
-324.833313 752.011353 2542.000000
-453.876678 756.461060 2542.000000
-449.426880 756.461060 2542.000000
-444.977142 756.461060 2542.000000
-440.527344 756.461060 2542.000000
-436.077606 756.461060 2542.000000
-431.627808 756.461060 2542.000000
-427.178070 756.461060 2542.000000
-422.728271 756.461060 2542.000000
-360.431488 756.461060 2542.000000
-355.981720 756.461060 2542.000000
-351.531952 756.461060 2542.000000
-347.082153 756.461060 2542.000000
-342.632385 756.461060 2542.000000
-338.182587 756.461060 2542.000000
-333.732849 756.461060 2542.000000
-329.283051 756.461060 2542.000000
-324.833313 756.461060 2542.000000
-444.977142 760.910889 2542.000000
-440.527344 760.910889 2542.000000
-436.077606 760.910889 2542.000000
-431.627808 760.910889 2542.000000
-427.178070 760.910889 2542.000000
-422.728271 760.910889 2542.000000
-351.531952 760.910889 2542.000000
-347.082153 760.910889 2542.000000
-342.632385 760.910889 2542.000000
-338.182587 760.910889 2542.000000
-333.732849 760.910889 2542.000000
-329.283051 760.910889 2542.000000
-324.833313 760.910889 2542.000000
-320.383514 760.910889 2542.000000
-427.178070 765.360657 2542.000000
-422.728271 765.360657 2542.000000
-418.278503 765.360657 2542.000000
-413.828735 765.360657 2542.000000
-360.431488 765.360657 2542.000000
-351.531952 765.360657 2542.000000
-347.082153 765.360657 2542.000000
-338.182587 765.360657 2542.000000
-333.732849 765.360657 2542.000000
-329.283051 765.360657 2542.000000
-324.833313 765.360657 2542.000000
-320.383514 765.360657 2542.000000
-422.728271 769.810425 2542.000000
-351.531952 769.810425 2542.000000
-333.732849 769.810425 2542.000000
-324.833313 769.810425 2542.000000
-378.230530 774.260193 2542.000000
-338.182587 774.260193 2542.000000
-333.732849 774.260193 2542.000000
-329.283051 774.260193 2542.000000
-324.833313 774.260193 2542.000000
-378.230530 778.709961 2542.000000
-338.182587 778.709961 2542.000000
-333.732849 778.709961 2542.000000
-329.283051 778.709961 2542.000000
-324.833313 778.709961 2542.000000
-378.230530 783.159729 2542.000000
-369.331024 783.159729 2542.000000
-338.182587 783.159729 2542.000000
-333.732849 783.159729 2542.000000
-324.833313 783.159729 2542.000000
-400.479401 787.609497 2542.000000
-396.029633 787.609497 2542.000000
-391.579865 787.609497 2542.000000
-387.130096 787.609497 2542.000000
-382.680328 787.609497 2542.000000
-378.230530 787.609497 2542.000000
-369.331024 787.609497 2542.000000
-338.182587 787.609497 2542.000000
-333.732849 787.609497 2542.000000
-324.833313 787.609497 2542.000000
-382.680328 792.059265 2542.000000
-378.230530 792.059265 2542.000000
-373.780792 792.059265 2542.000000
-369.331024 792.059265 2542.000000
-400.479401 796.509033 2542.000000
-396.029633 796.509033 2542.000000
-391.579865 796.509033 2542.000000
-387.130096 796.509033 2542.000000
-382.680328 796.509033 2542.000000
-378.230530 796.509033 2542.000000
-373.780792 796.509033 2542.000000
-369.331024 796.509033 2542.000000
-364.881256 796.509033 2542.000000
-360.431488 796.509033 2542.000000
-355.981720 796.509033 2542.000000
-351.531952 796.509033 2542.000000
-347.082153 796.509033 2542.000000
-400.479401 800.958801 2542.000000
-396.029633 800.958801 2542.000000
-391.579865 800.958801 2542.000000
-387.130096 800.958801 2542.000000
-382.680328 800.958801 2542.000000
-373.780792 800.958801 2542.000000
-369.331024 800.958801 2542.000000
-364.881256 800.958801 2542.000000
-360.431488 800.958801 2542.000000
-355.981720 800.958801 2542.000000
-351.531952 800.958801 2542.000000
-347.082153 800.958801 2542.000000
-382.680328 805.408569 2542.000000
-378.230530 805.408569 2542.000000
-373.780792 805.408569 2542.000000
-369.331024 805.408569 2542.000000
-364.881256 805.408569 2542.000000
-360.431488 805.408569 2542.000000
-355.981720 805.408569 2542.000000
-351.531952 805.408569 2542.000000
-347.082153 805.408569 2542.000000
-338.182587 805.408569 2542.000000
-400.479401 809.858337 2542.000000
-382.680328 809.858337 2542.000000
-378.230530 809.858337 2542.000000
-373.780792 809.858337 2542.000000
-369.331024 809.858337 2542.000000
-364.881256 809.858337 2542.000000
-355.981720 809.858337 2542.000000
-351.531952 809.858337 2542.000000
-347.082153 809.858337 2542.000000
-396.029633 814.308105 2542.000000
-391.579865 814.308105 2542.000000
-387.130096 814.308105 2542.000000
-382.680328 814.308105 2542.000000
-378.230530 814.308105 2542.000000
-373.780792 814.308105 2542.000000
-369.331024 814.308105 2542.000000
-364.881256 814.308105 2542.000000
-355.981720 814.308105 2542.000000
-351.531952 814.308105 2542.000000
-391.579865 818.757874 2542.000000
-387.130096 818.757874 2542.000000
-378.230530 818.757874 2542.000000
-373.780792 818.757874 2542.000000
-369.331024 818.757874 2542.000000
-364.881256 818.757874 2542.000000
-360.431488 818.757874 2542.000000
-355.981720 818.757874 2542.000000
-351.531952 818.757874 2542.000000
-404.929169 823.207764 2542.000000
-400.479401 823.207764 2542.000000
-396.029633 823.207764 2542.000000
-391.579865 823.207764 2542.000000
-387.130096 823.207764 2542.000000
-378.230530 823.207764 2542.000000
-373.780792 823.207764 2542.000000
-369.331024 823.207764 2542.000000
-364.881256 823.207764 2542.000000
-360.431488 823.207764 2542.000000
-355.981720 823.207764 2542.000000
-351.531952 823.207764 2542.000000
-404.929169 827.657471 2542.000000
-400.479401 827.657471 2542.000000
-387.130096 827.657471 2542.000000
-378.230530 827.657471 2542.000000
-373.780792 827.657471 2542.000000
-369.331024 827.657471 2542.000000
-364.881256 827.657471 2542.000000
-360.431488 827.657471 2542.000000
-355.981720 827.657471 2542.000000
-351.531952 827.657471 2542.000000
-387.130096 832.107239 2542.000000
-378.230530 832.107239 2542.000000
-373.780792 832.107239 2542.000000
-369.331024 832.107239 2542.000000
-364.881256 832.107239 2542.000000
-360.431488 832.107239 2542.000000
-355.981720 832.107239 2542.000000
-351.531952 832.107239 2542.000000
-378.230530 836.557007 2542.000000
-373.780792 836.557007 2542.000000
-369.331024 836.557007 2542.000000
-364.881256 836.557007 2542.000000
-360.431488 836.557007 2542.000000
-355.981720 836.557007 2542.000000
-351.531952 836.557007 2542.000000
-373.780792 841.006836 2542.000000
-369.331024 841.006836 2542.000000
-364.881256 841.006836 2542.000000
-360.431488 841.006836 2542.000000
-355.981720 841.006836 2542.000000
-351.531952 841.006836 2542.000000
-289.235107 841.006836 2542.000000
-284.785370 841.006836 2542.000000
-280.335602 841.006836 2542.000000
-360.431488 845.456543 2542.000000
-355.981720 845.456543 2542.000000
-351.531952 845.456543 2542.000000
-289.235107 845.456543 2542.000000
-284.785370 845.456543 2542.000000
-347.082153 849.906311 2542.000000
-342.632385 849.906311 2542.000000
-289.235107 849.906311 2542.000000
-284.785370 849.906311 2542.000000
-347.082153 854.356140 2542.000000
-342.632385 854.356140 2542.000000
-284.785370 854.356140 2542.000000
-347.082153 858.805908 2542.000000
-342.632385 858.805908 2542.000000
-342.632385 863.255615 2542.000000
-338.182587 863.255615 2542.000000
-338.182587 867.705383 2542.000000
-333.732849 867.705383 2542.000000
-338.182587 872.155212 2542.000000
-333.732849 872.155212 2542.000000
-329.283051 872.155212 2542.000000
-333.732849 876.604919 2542.000000
-329.283051 876.604919 2542.000000
-333.732849 881.054688 2542.000000
-329.283051 881.054688 2542.000000
-324.833313 881.054688 2542.000000
-324.833313 885.504456 2542.000000
-320.383514 885.504456 2542.000000
-324.833313 889.954285 2542.000000
-320.383514 889.954285 2542.000000
-315.933777 889.954285 2542.000000
-324.833313 894.403992 2542.000000
-320.383514 894.403992 2542.000000
-324.833313 898.853760 2542.000000
-320.383514 898.853760 2542.000000
-434.684143 645.304321 2560.000000
-434.684143 649.785583 2560.000000
-430.202911 649.785583 2560.000000
-425.721619 649.785583 2560.000000
-421.240326 649.785583 2560.000000
-416.759064 649.785583 2560.000000
-412.277771 649.785583 2560.000000
-407.796478 649.785583 2560.000000
-430.202911 654.266907 2560.000000
-412.277771 654.266907 2560.000000
-407.796478 654.266907 2560.000000
-434.684143 658.748169 2560.000000
-430.202911 658.748169 2560.000000
-425.721619 658.748169 2560.000000
-416.759064 658.748169 2560.000000
-407.796478 658.748169 2560.000000
-434.684143 663.229431 2560.000000
-430.202911 663.229431 2560.000000
-425.721619 663.229431 2560.000000
-421.240326 663.229431 2560.000000
-412.277771 663.229431 2560.000000
-430.202911 667.710693 2560.000000
-425.721619 667.710693 2560.000000
-421.240326 667.710693 2560.000000
-416.759064 667.710693 2560.000000
-412.277771 667.710693 2560.000000
-430.202911 672.191956 2560.000000
-425.721619 672.191956 2560.000000
-421.240326 672.191956 2560.000000
-416.759064 672.191956 2560.000000
-412.277771 672.191956 2560.000000
-407.796478 672.191956 2560.000000
-430.202911 676.673279 2560.000000
-425.721619 676.673279 2560.000000
-421.240326 676.673279 2560.000000
-416.759064 676.673279 2560.000000
-412.277771 676.673279 2560.000000
-407.796478 676.673279 2560.000000
-403.315186 676.673279 2560.000000
-398.833893 676.673279 2560.000000
-430.202911 681.154541 2560.000000
-425.721619 681.154541 2560.000000
-421.240326 681.154541 2560.000000
-416.759064 681.154541 2560.000000
-412.277771 681.154541 2560.000000
-407.796478 681.154541 2560.000000
-403.315186 681.154541 2560.000000
-398.833893 681.154541 2560.000000
-394.352631 681.154541 2560.000000
-430.202911 685.635803 2560.000000
-425.721619 685.635803 2560.000000
-421.240326 685.635803 2560.000000
-416.759064 685.635803 2560.000000
-412.277771 685.635803 2560.000000
-407.796478 685.635803 2560.000000
-403.315186 685.635803 2560.000000
-398.833893 685.635803 2560.000000
-394.352631 685.635803 2560.000000
-430.202911 690.117126 2560.000000
-425.721619 690.117126 2560.000000
-421.240326 690.117126 2560.000000
-416.759064 690.117126 2560.000000
-412.277771 690.117126 2560.000000
-407.796478 690.117126 2560.000000
-403.315186 690.117126 2560.000000
-398.833893 690.117126 2560.000000
-394.352631 690.117126 2560.000000
-421.240326 694.598389 2560.000000
-416.759064 694.598389 2560.000000
-412.277771 694.598389 2560.000000
-407.796478 694.598389 2560.000000
-403.315186 694.598389 2560.000000
-398.833893 694.598389 2560.000000
-394.352631 694.598389 2560.000000
-425.721619 699.079651 2560.000000
-421.240326 699.079651 2560.000000
-416.759064 699.079651 2560.000000
-412.277771 699.079651 2560.000000
-407.796478 699.079651 2560.000000
-403.315186 699.079651 2560.000000
-398.833893 699.079651 2560.000000
-394.352631 699.079651 2560.000000
-434.684143 703.561035 2560.000000
-430.202911 703.561035 2560.000000
-425.721619 703.561035 2560.000000
-421.240326 703.561035 2560.000000
-416.759064 703.561035 2560.000000
-412.277771 703.561035 2560.000000
-407.796478 703.561035 2560.000000
-403.315186 703.561035 2560.000000
-398.833893 703.561035 2560.000000
-394.352631 703.561035 2560.000000
-434.684143 708.042236 2560.000000
-430.202911 708.042236 2560.000000
-425.721619 708.042236 2560.000000
-421.240326 708.042236 2560.000000
-412.277771 708.042236 2560.000000
-407.796478 708.042236 2560.000000
-403.315186 708.042236 2560.000000
-398.833893 708.042236 2560.000000
-394.352631 708.042236 2560.000000
-434.684143 712.523560 2560.000000
-430.202911 712.523560 2560.000000
-425.721619 712.523560 2560.000000
-421.240326 712.523560 2560.000000
-416.759064 712.523560 2560.000000
-412.277771 712.523560 2560.000000
-407.796478 712.523560 2560.000000
-403.315186 712.523560 2560.000000
-398.833893 712.523560 2560.000000
-394.352631 712.523560 2560.000000
-439.165436 717.004822 2560.000000
-434.684143 717.004822 2560.000000
-430.202911 717.004822 2560.000000
-425.721619 717.004822 2560.000000
-421.240326 717.004822 2560.000000
-416.759064 717.004822 2560.000000
-412.277771 717.004822 2560.000000
-407.796478 717.004822 2560.000000
-403.315186 717.004822 2560.000000
-398.833893 717.004822 2560.000000
-394.352631 717.004822 2560.000000
-389.871368 717.004822 2560.000000
-385.390076 717.004822 2560.000000
-439.165436 721.486084 2560.000000
-434.684143 721.486084 2560.000000
-430.202911 721.486084 2560.000000
-425.721619 721.486084 2560.000000
-421.240326 721.486084 2560.000000
-412.277771 721.486084 2560.000000
-407.796478 721.486084 2560.000000
-403.315186 721.486084 2560.000000
-398.833893 721.486084 2560.000000
-389.871368 721.486084 2560.000000
-385.390076 721.486084 2560.000000
-452.609283 725.967407 2560.000000
-448.128021 725.967407 2560.000000
-443.646729 725.967407 2560.000000
-439.165436 725.967407 2560.000000
-434.684143 725.967407 2560.000000
-430.202911 725.967407 2560.000000
-421.240326 725.967407 2560.000000
-416.759064 725.967407 2560.000000
-412.277771 725.967407 2560.000000
-407.796478 725.967407 2560.000000
-403.315186 725.967407 2560.000000
-380.908813 725.967407 2560.000000
-376.427521 725.967407 2560.000000
-461.571838 730.448669 2560.000000
-452.609283 730.448669 2560.000000
-448.128021 730.448669 2560.000000
-443.646729 730.448669 2560.000000
-439.165436 730.448669 2560.000000
-434.684143 730.448669 2560.000000
-430.202911 730.448669 2560.000000
-421.240326 730.448669 2560.000000
-416.759064 730.448669 2560.000000
-412.277771 730.448669 2560.000000
-403.315186 730.448669 2560.000000
-380.908813 730.448669 2560.000000
-376.427521 730.448669 2560.000000
-371.946259 730.448669 2560.000000
-461.571838 734.929932 2560.000000
-452.609283 734.929932 2560.000000
-443.646729 734.929932 2560.000000
-439.165436 734.929932 2560.000000
-434.684143 734.929932 2560.000000
-421.240326 734.929932 2560.000000
-416.759064 734.929932 2560.000000
-412.277771 734.929932 2560.000000
-407.796478 734.929932 2560.000000
-403.315186 734.929932 2560.000000
-398.833893 734.929932 2560.000000
-394.352631 734.929932 2560.000000
-389.871368 734.929932 2560.000000
-376.427521 734.929932 2560.000000
-371.946259 734.929932 2560.000000
-367.464966 734.929932 2560.000000
-362.983704 734.929932 2560.000000
-416.759064 739.411255 2560.000000
-412.277771 739.411255 2560.000000
-407.796478 739.411255 2560.000000
-403.315186 739.411255 2560.000000
-398.833893 739.411255 2560.000000
-394.352631 739.411255 2560.000000
-389.871368 739.411255 2560.000000
-385.390076 739.411255 2560.000000
-380.908813 739.411255 2560.000000
-376.427521 739.411255 2560.000000
-371.946259 739.411255 2560.000000
-367.464966 739.411255 2560.000000
-362.983704 739.411255 2560.000000
-358.502411 739.411255 2560.000000
-416.759064 743.892517 2560.000000
-412.277771 743.892517 2560.000000
-407.796478 743.892517 2560.000000
-403.315186 743.892517 2560.000000
-398.833893 743.892517 2560.000000
-394.352631 743.892517 2560.000000
-389.871368 743.892517 2560.000000
-385.390076 743.892517 2560.000000
-376.427521 743.892517 2560.000000
-371.946259 743.892517 2560.000000
-367.464966 743.892517 2560.000000
-362.983704 743.892517 2560.000000
-358.502411 743.892517 2560.000000
-354.021118 743.892517 2560.000000
-416.759064 748.373779 2560.000000
-412.277771 748.373779 2560.000000
-407.796478 748.373779 2560.000000
-403.315186 748.373779 2560.000000
-398.833893 748.373779 2560.000000
-394.352631 748.373779 2560.000000
-389.871368 748.373779 2560.000000
-385.390076 748.373779 2560.000000
-371.946259 748.373779 2560.000000
-367.464966 748.373779 2560.000000
-362.983704 748.373779 2560.000000
-358.502411 748.373779 2560.000000
-416.759064 752.855042 2560.000000
-412.277771 752.855042 2560.000000
-407.796478 752.855042 2560.000000
-403.315186 752.855042 2560.000000
-398.833893 752.855042 2560.000000
-394.352631 752.855042 2560.000000
-389.871368 752.855042 2560.000000
-385.390076 752.855042 2560.000000
-380.908813 752.855042 2560.000000
-376.427521 752.855042 2560.000000
-371.946259 752.855042 2560.000000
-421.240326 757.336304 2560.000000
-416.759064 757.336304 2560.000000
-412.277771 757.336304 2560.000000
-407.796478 757.336304 2560.000000
-403.315186 757.336304 2560.000000
-398.833893 757.336304 2560.000000
-394.352631 757.336304 2560.000000
-389.871368 757.336304 2560.000000
-385.390076 757.336304 2560.000000
-380.908813 757.336304 2560.000000
-376.427521 757.336304 2560.000000
-371.946259 757.336304 2560.000000
-367.464966 757.336304 2560.000000
-421.240326 761.817627 2560.000000
-416.759064 761.817627 2560.000000
-412.277771 761.817627 2560.000000
-407.796478 761.817627 2560.000000
-403.315186 761.817627 2560.000000
-398.833893 761.817627 2560.000000
-394.352631 761.817627 2560.000000
-389.871368 761.817627 2560.000000
-385.390076 761.817627 2560.000000
-380.908813 761.817627 2560.000000
-376.427521 761.817627 2560.000000
-371.946259 761.817627 2560.000000
-367.464966 761.817627 2560.000000
-421.240326 766.298889 2560.000000
-416.759064 766.298889 2560.000000
-412.277771 766.298889 2560.000000
-407.796478 766.298889 2560.000000
-403.315186 766.298889 2560.000000
-398.833893 766.298889 2560.000000
-394.352631 766.298889 2560.000000
-389.871368 766.298889 2560.000000
-385.390076 766.298889 2560.000000
-380.908813 766.298889 2560.000000
-376.427521 766.298889 2560.000000
-371.946259 766.298889 2560.000000
-367.464966 766.298889 2560.000000
-362.983704 766.298889 2560.000000
-358.502411 766.298889 2560.000000
-412.277771 770.780151 2560.000000
-407.796478 770.780151 2560.000000
-403.315186 770.780151 2560.000000
-398.833893 770.780151 2560.000000
-394.352631 770.780151 2560.000000
-389.871368 770.780151 2560.000000
-385.390076 770.780151 2560.000000
-380.908813 770.780151 2560.000000
-376.427521 770.780151 2560.000000
-371.946259 770.780151 2560.000000
-367.464966 770.780151 2560.000000
-358.502411 770.780151 2560.000000
-345.058563 770.780151 2560.000000
-318.170868 770.780151 2560.000000
-421.240326 775.261475 2560.000000
-416.759064 775.261475 2560.000000
-412.277771 775.261475 2560.000000
-407.796478 775.261475 2560.000000
-403.315186 775.261475 2560.000000
-398.833893 775.261475 2560.000000
-394.352631 775.261475 2560.000000
-389.871368 775.261475 2560.000000
-385.390076 775.261475 2560.000000
-376.427521 775.261475 2560.000000
-371.946259 775.261475 2560.000000
-367.464966 775.261475 2560.000000
-362.983704 775.261475 2560.000000
-358.502411 775.261475 2560.000000
-349.539825 775.261475 2560.000000
-345.058563 775.261475 2560.000000
-340.577271 775.261475 2560.000000
-331.614716 775.261475 2560.000000
-322.652161 775.261475 2560.000000
-318.170868 775.261475 2560.000000
-313.689606 775.261475 2560.000000
-309.208344 775.261475 2560.000000
-421.240326 779.742737 2560.000000
-416.759064 779.742737 2560.000000
-412.277771 779.742737 2560.000000
-407.796478 779.742737 2560.000000
-403.315186 779.742737 2560.000000
-398.833893 779.742737 2560.000000
-389.871368 779.742737 2560.000000
-385.390076 779.742737 2560.000000
-376.427521 779.742737 2560.000000
-371.946259 779.742737 2560.000000
-367.464966 779.742737 2560.000000
-362.983704 779.742737 2560.000000
-358.502411 779.742737 2560.000000
-354.021118 779.742737 2560.000000
-349.539825 779.742737 2560.000000
-345.058563 779.742737 2560.000000
-322.652161 779.742737 2560.000000
-318.170868 779.742737 2560.000000
-313.689606 779.742737 2560.000000
-309.208344 779.742737 2560.000000
-304.727051 779.742737 2560.000000
-416.759064 784.223999 2560.000000
-412.277771 784.223999 2560.000000
-407.796478 784.223999 2560.000000
-403.315186 784.223999 2560.000000
-398.833893 784.223999 2560.000000
-394.352631 784.223999 2560.000000
-389.871368 784.223999 2560.000000
-385.390076 784.223999 2560.000000
-376.427521 784.223999 2560.000000
-371.946259 784.223999 2560.000000
-367.464966 784.223999 2560.000000
-362.983704 784.223999 2560.000000
-358.502411 784.223999 2560.000000
-349.539825 784.223999 2560.000000
-345.058563 784.223999 2560.000000
-322.652161 784.223999 2560.000000
-318.170868 784.223999 2560.000000
-313.689606 784.223999 2560.000000
-309.208344 784.223999 2560.000000
-304.727051 784.223999 2560.000000
-300.245758 784.223999 2560.000000
-416.759064 788.705261 2560.000000
-412.277771 788.705261 2560.000000
-407.796478 788.705261 2560.000000
-403.315186 788.705261 2560.000000
-398.833893 788.705261 2560.000000
-394.352631 788.705261 2560.000000
-389.871368 788.705261 2560.000000
-385.390076 788.705261 2560.000000
-376.427521 788.705261 2560.000000
-367.464966 788.705261 2560.000000
-362.983704 788.705261 2560.000000
-358.502411 788.705261 2560.000000
-354.021118 788.705261 2560.000000
-349.539825 788.705261 2560.000000
-345.058563 788.705261 2560.000000
-331.614716 788.705261 2560.000000
-322.652161 788.705261 2560.000000
-318.170868 788.705261 2560.000000
-313.689606 788.705261 2560.000000
-309.208344 788.705261 2560.000000
-304.727051 788.705261 2560.000000
-300.245758 788.705261 2560.000000
-295.764465 788.705261 2560.000000
-407.796478 793.186523 2560.000000
-376.427521 793.186523 2560.000000
-367.464966 793.186523 2560.000000
-362.983704 793.186523 2560.000000
-358.502411 793.186523 2560.000000
-354.021118 793.186523 2560.000000
-349.539825 793.186523 2560.000000
-345.058563 793.186523 2560.000000
-331.614716 793.186523 2560.000000
-322.652161 793.186523 2560.000000
-318.170868 793.186523 2560.000000
-313.689606 793.186523 2560.000000
-309.208344 793.186523 2560.000000
-304.727051 793.186523 2560.000000
-300.245758 793.186523 2560.000000
-295.764465 793.186523 2560.000000
-407.796478 797.667786 2560.000000
-403.315186 797.667786 2560.000000
-398.833893 797.667786 2560.000000
-394.352631 797.667786 2560.000000
-389.871368 797.667786 2560.000000
-367.464966 797.667786 2560.000000
-362.983704 797.667786 2560.000000
-358.502411 797.667786 2560.000000
-354.021118 797.667786 2560.000000
-349.539825 797.667786 2560.000000
-345.058563 797.667786 2560.000000
-340.577271 797.667786 2560.000000
-336.095978 797.667786 2560.000000
-331.614716 797.667786 2560.000000
-327.133453 797.667786 2560.000000
-322.652161 797.667786 2560.000000
-318.170868 797.667786 2560.000000
-313.689606 797.667786 2560.000000
-309.208344 797.667786 2560.000000
-304.727051 797.667786 2560.000000
-300.245758 797.667786 2560.000000
-295.764465 797.667786 2560.000000
-291.283203 797.667786 2560.000000
-286.801941 797.667786 2560.000000
-282.320648 797.667786 2560.000000
-407.796478 802.149109 2560.000000
-345.058563 802.149109 2560.000000
-340.577271 802.149109 2560.000000
-336.095978 802.149109 2560.000000
-331.614716 802.149109 2560.000000
-327.133453 802.149109 2560.000000
-322.652161 802.149109 2560.000000
-318.170868 802.149109 2560.000000
-313.689606 802.149109 2560.000000
-309.208344 802.149109 2560.000000
-304.727051 802.149109 2560.000000
-300.245758 802.149109 2560.000000
-295.764465 802.149109 2560.000000
-286.801941 802.149109 2560.000000
-282.320648 802.149109 2560.000000
-407.796478 806.630371 2560.000000
-345.058563 806.630371 2560.000000
-340.577271 806.630371 2560.000000
-336.095978 806.630371 2560.000000
-331.614716 806.630371 2560.000000
-327.133453 806.630371 2560.000000
-322.652161 806.630371 2560.000000
-318.170868 806.630371 2560.000000
-313.689606 806.630371 2560.000000
-309.208344 806.630371 2560.000000
-304.727051 806.630371 2560.000000
-300.245758 806.630371 2560.000000
-295.764465 806.630371 2560.000000
-407.796478 811.111694 2560.000000
-403.315186 811.111694 2560.000000
-398.833893 811.111694 2560.000000
-394.352631 811.111694 2560.000000
-389.871368 811.111694 2560.000000
-345.058563 811.111694 2560.000000
-331.614716 811.111694 2560.000000
-327.133453 811.111694 2560.000000
-322.652161 811.111694 2560.000000
-318.170868 811.111694 2560.000000
-313.689606 811.111694 2560.000000
-309.208344 811.111694 2560.000000
-304.727051 811.111694 2560.000000
-295.764465 811.111694 2560.000000
-398.833893 815.592957 2560.000000
-394.352631 815.592957 2560.000000
-389.871368 815.592957 2560.000000
-345.058563 815.592957 2560.000000
-340.577271 815.592957 2560.000000
-336.095978 815.592957 2560.000000
-331.614716 815.592957 2560.000000
-327.133453 815.592957 2560.000000
-322.652161 815.592957 2560.000000
-318.170868 815.592957 2560.000000
-313.689606 815.592957 2560.000000
-309.208344 815.592957 2560.000000
-304.727051 815.592957 2560.000000
-295.764465 815.592957 2560.000000
-282.320648 815.592957 2560.000000
-349.539825 820.074219 2560.000000
-345.058563 820.074219 2560.000000
-340.577271 820.074219 2560.000000
-336.095978 820.074219 2560.000000
-331.614716 820.074219 2560.000000
-327.133453 820.074219 2560.000000
-322.652161 820.074219 2560.000000
-318.170868 820.074219 2560.000000
-313.689606 820.074219 2560.000000
-309.208344 820.074219 2560.000000
-304.727051 820.074219 2560.000000
-300.245758 820.074219 2560.000000
-295.764465 820.074219 2560.000000
-286.801941 820.074219 2560.000000
-282.320648 820.074219 2560.000000
-277.839355 820.074219 2560.000000
-268.876801 820.074219 2560.000000
-349.539825 824.555542 2560.000000
-345.058563 824.555542 2560.000000
-340.577271 824.555542 2560.000000
-336.095978 824.555542 2560.000000
-331.614716 824.555542 2560.000000
-327.133453 824.555542 2560.000000
-322.652161 824.555542 2560.000000
-318.170868 824.555542 2560.000000
-313.689606 824.555542 2560.000000
-309.208344 824.555542 2560.000000
-304.727051 824.555542 2560.000000
-300.245758 824.555542 2560.000000
-295.764465 824.555542 2560.000000
-291.283203 824.555542 2560.000000
-286.801941 824.555542 2560.000000
-282.320648 824.555542 2560.000000
-277.839355 824.555542 2560.000000
-273.358063 824.555542 2560.000000
-268.876801 824.555542 2560.000000
-264.395508 824.555542 2560.000000
-349.539825 829.036804 2560.000000
-345.058563 829.036804 2560.000000
-340.577271 829.036804 2560.000000
-336.095978 829.036804 2560.000000
-331.614716 829.036804 2560.000000
-327.133453 829.036804 2560.000000
-322.652161 829.036804 2560.000000
-318.170868 829.036804 2560.000000
-313.689606 829.036804 2560.000000
-309.208344 829.036804 2560.000000
-304.727051 829.036804 2560.000000
-300.245758 829.036804 2560.000000
-295.764465 829.036804 2560.000000
-291.283203 829.036804 2560.000000
-286.801941 829.036804 2560.000000
-282.320648 829.036804 2560.000000
-277.839355 829.036804 2560.000000
-273.358063 829.036804 2560.000000
-268.876801 829.036804 2560.000000
-264.395508 829.036804 2560.000000
-349.539825 833.518127 2560.000000
-345.058563 833.518127 2560.000000
-340.577271 833.518127 2560.000000
-336.095978 833.518127 2560.000000
-331.614716 833.518127 2560.000000
-327.133453 833.518127 2560.000000
-322.652161 833.518127 2560.000000
-318.170868 833.518127 2560.000000
-313.689606 833.518127 2560.000000
-309.208344 833.518127 2560.000000
-304.727051 833.518127 2560.000000
-300.245758 833.518127 2560.000000
-295.764465 833.518127 2560.000000
-291.283203 833.518127 2560.000000
-286.801941 833.518127 2560.000000
-282.320648 833.518127 2560.000000
-277.839355 833.518127 2560.000000
-273.358063 833.518127 2560.000000
-268.876801 833.518127 2560.000000
-264.395508 833.518127 2560.000000
-349.539825 837.999390 2560.000000
-345.058563 837.999390 2560.000000
-340.577271 837.999390 2560.000000
-336.095978 837.999390 2560.000000
-331.614716 837.999390 2560.000000
-327.133453 837.999390 2560.000000
-322.652161 837.999390 2560.000000
-318.170868 837.999390 2560.000000
-313.689606 837.999390 2560.000000
-309.208344 837.999390 2560.000000
-304.727051 837.999390 2560.000000
-300.245758 837.999390 2560.000000
-295.764465 837.999390 2560.000000
-291.283203 837.999390 2560.000000
-286.801941 837.999390 2560.000000
-282.320648 837.999390 2560.000000
-277.839355 837.999390 2560.000000
-273.358063 837.999390 2560.000000
-268.876801 837.999390 2560.000000
-264.395508 837.999390 2560.000000
-349.539825 842.480652 2560.000000
-345.058563 842.480652 2560.000000
-340.577271 842.480652 2560.000000
-336.095978 842.480652 2560.000000
-331.614716 842.480652 2560.000000
-327.133453 842.480652 2560.000000
-322.652161 842.480652 2560.000000
-318.170868 842.480652 2560.000000
-313.689606 842.480652 2560.000000
-309.208344 842.480652 2560.000000
-304.727051 842.480652 2560.000000
-300.245758 842.480652 2560.000000
-295.764465 842.480652 2560.000000
-291.283203 842.480652 2560.000000
-286.801941 842.480652 2560.000000
-282.320648 842.480652 2560.000000
-277.839355 842.480652 2560.000000
-273.358063 842.480652 2560.000000
-268.876801 842.480652 2560.000000
-264.395508 842.480652 2560.000000
-349.539825 846.961975 2560.000000
-345.058563 846.961975 2560.000000
-340.577271 846.961975 2560.000000
-336.095978 846.961975 2560.000000
-331.614716 846.961975 2560.000000
-327.133453 846.961975 2560.000000
-322.652161 846.961975 2560.000000
-318.170868 846.961975 2560.000000
-313.689606 846.961975 2560.000000
-309.208344 846.961975 2560.000000
-304.727051 846.961975 2560.000000
-300.245758 846.961975 2560.000000
-295.764465 846.961975 2560.000000
-277.839355 846.961975 2560.000000
-273.358063 846.961975 2560.000000
-268.876801 846.961975 2560.000000
-264.395508 846.961975 2560.000000
-349.539825 851.443237 2560.000000
-345.058563 851.443237 2560.000000
-340.577271 851.443237 2560.000000
-336.095978 851.443237 2560.000000
-331.614716 851.443237 2560.000000
-327.133453 851.443237 2560.000000
-322.652161 851.443237 2560.000000
-318.170868 851.443237 2560.000000
-313.689606 851.443237 2560.000000
-309.208344 851.443237 2560.000000
-304.727051 851.443237 2560.000000
-300.245758 851.443237 2560.000000
-295.764465 851.443237 2560.000000
-282.320648 851.443237 2560.000000
-277.839355 851.443237 2560.000000
-273.358063 851.443237 2560.000000
-268.876801 851.443237 2560.000000
-264.395508 851.443237 2560.000000
-259.914246 851.443237 2560.000000
-340.577271 855.924500 2560.000000
-336.095978 855.924500 2560.000000
-331.614716 855.924500 2560.000000
-327.133453 855.924500 2560.000000
-322.652161 855.924500 2560.000000
-318.170868 855.924500 2560.000000
-313.689606 855.924500 2560.000000
-309.208344 855.924500 2560.000000
-304.727051 855.924500 2560.000000
-300.245758 855.924500 2560.000000
-295.764465 855.924500 2560.000000
-282.320648 855.924500 2560.000000
-277.839355 855.924500 2560.000000
-273.358063 855.924500 2560.000000
-268.876801 855.924500 2560.000000
-264.395508 855.924500 2560.000000
-259.914246 855.924500 2560.000000
-340.577271 860.405823 2560.000000
-336.095978 860.405823 2560.000000
-331.614716 860.405823 2560.000000
-327.133453 860.405823 2560.000000
-322.652161 860.405823 2560.000000
-318.170868 860.405823 2560.000000
-313.689606 860.405823 2560.000000
-309.208344 860.405823 2560.000000
-304.727051 860.405823 2560.000000
-300.245758 860.405823 2560.000000
-295.764465 860.405823 2560.000000
-291.283203 860.405823 2560.000000
-282.320648 860.405823 2560.000000
-277.839355 860.405823 2560.000000
-273.358063 860.405823 2560.000000
-268.876801 860.405823 2560.000000
-264.395508 860.405823 2560.000000
-259.914246 860.405823 2560.000000
-255.432968 860.405823 2560.000000
-340.577271 864.887085 2560.000000
-336.095978 864.887085 2560.000000
-331.614716 864.887085 2560.000000
-327.133453 864.887085 2560.000000
-322.652161 864.887085 2560.000000
-318.170868 864.887085 2560.000000
-313.689606 864.887085 2560.000000
-309.208344 864.887085 2560.000000
-304.727051 864.887085 2560.000000
-300.245758 864.887085 2560.000000
-295.764465 864.887085 2560.000000
-291.283203 864.887085 2560.000000
-282.320648 864.887085 2560.000000
-277.839355 864.887085 2560.000000
-273.358063 864.887085 2560.000000
-268.876801 864.887085 2560.000000
-264.395508 864.887085 2560.000000
-259.914246 864.887085 2560.000000
-255.432968 864.887085 2560.000000
-336.095978 869.368286 2560.000000
-331.614716 869.368286 2560.000000
-327.133453 869.368286 2560.000000
-322.652161 869.368286 2560.000000
-318.170868 869.368286 2560.000000
-313.689606 869.368286 2560.000000
-309.208344 869.368286 2560.000000
-304.727051 869.368286 2560.000000
-300.245758 869.368286 2560.000000
-295.764465 869.368286 2560.000000
-291.283203 869.368286 2560.000000
-286.801941 869.368286 2560.000000
-282.320648 869.368286 2560.000000
-277.839355 869.368286 2560.000000
-273.358063 869.368286 2560.000000
-268.876801 869.368286 2560.000000
-264.395508 869.368286 2560.000000
-259.914246 869.368286 2560.000000
-255.432968 869.368286 2560.000000
-241.989136 869.368286 2560.000000
-331.614716 873.849609 2560.000000
-327.133453 873.849609 2560.000000
-322.652161 873.849609 2560.000000
-318.170868 873.849609 2560.000000
-313.689606 873.849609 2560.000000
-309.208344 873.849609 2560.000000
-304.727051 873.849609 2560.000000
-300.245758 873.849609 2560.000000
-295.764465 873.849609 2560.000000
-291.283203 873.849609 2560.000000
-286.801941 873.849609 2560.000000
-282.320648 873.849609 2560.000000
-277.839355 873.849609 2560.000000
-273.358063 873.849609 2560.000000
-268.876801 873.849609 2560.000000
-264.395508 873.849609 2560.000000
-259.914246 873.849609 2560.000000
-255.432968 873.849609 2560.000000
-250.951675 873.849609 2560.000000
-241.989136 873.849609 2560.000000
-327.133453 878.330872 2560.000000
-322.652161 878.330872 2560.000000
-318.170868 878.330872 2560.000000
-313.689606 878.330872 2560.000000
-309.208344 878.330872 2560.000000
-304.727051 878.330872 2560.000000
-300.245758 878.330872 2560.000000
-295.764465 878.330872 2560.000000
-291.283203 878.330872 2560.000000
-286.801941 878.330872 2560.000000
-282.320648 878.330872 2560.000000
-277.839355 878.330872 2560.000000
-273.358063 878.330872 2560.000000
-268.876801 878.330872 2560.000000
-264.395508 878.330872 2560.000000
-259.914246 878.330872 2560.000000
-255.432968 878.330872 2560.000000
-250.951675 878.330872 2560.000000
-241.989136 878.330872 2560.000000
-327.133453 882.812195 2560.000000
-322.652161 882.812195 2560.000000
-318.170868 882.812195 2560.000000
-313.689606 882.812195 2560.000000
-309.208344 882.812195 2560.000000
-304.727051 882.812195 2560.000000
-300.245758 882.812195 2560.000000
-295.764465 882.812195 2560.000000
-291.283203 882.812195 2560.000000
-286.801941 882.812195 2560.000000
-282.320648 882.812195 2560.000000
-277.839355 882.812195 2560.000000
-273.358063 882.812195 2560.000000
-268.876801 882.812195 2560.000000
-264.395508 882.812195 2560.000000
-259.914246 882.812195 2560.000000
-255.432968 882.812195 2560.000000
-250.951675 882.812195 2560.000000
-246.470413 882.812195 2560.000000
-241.989136 882.812195 2560.000000
-322.652161 887.293457 2560.000000
-318.170868 887.293457 2560.000000
-313.689606 887.293457 2560.000000
-309.208344 887.293457 2560.000000
-304.727051 887.293457 2560.000000
-300.245758 887.293457 2560.000000
-295.764465 887.293457 2560.000000
-291.283203 887.293457 2560.000000
-286.801941 887.293457 2560.000000
-282.320648 887.293457 2560.000000
-277.839355 887.293457 2560.000000
-273.358063 887.293457 2560.000000
-268.876801 887.293457 2560.000000
-264.395508 887.293457 2560.000000
-259.914246 887.293457 2560.000000
-255.432968 887.293457 2560.000000
-250.951675 887.293457 2560.000000
-246.470413 887.293457 2560.000000
-241.989136 887.293457 2560.000000
-318.170868 891.774719 2560.000000
-313.689606 891.774719 2560.000000
-309.208344 891.774719 2560.000000
-304.727051 891.774719 2560.000000
-300.245758 891.774719 2560.000000
-295.764465 891.774719 2560.000000
-291.283203 891.774719 2560.000000
-286.801941 891.774719 2560.000000
-282.320648 891.774719 2560.000000
-277.839355 891.774719 2560.000000
-273.358063 891.774719 2560.000000
-268.876801 891.774719 2560.000000
-264.395508 891.774719 2560.000000
-259.914246 891.774719 2560.000000
-255.432968 891.774719 2560.000000
-250.951675 891.774719 2560.000000
-246.470413 891.774719 2560.000000
-241.989136 891.774719 2560.000000
-313.689606 896.256042 2560.000000
-309.208344 896.256042 2560.000000
-304.727051 896.256042 2560.000000
-300.245758 896.256042 2560.000000
-295.764465 896.256042 2560.000000
-291.283203 896.256042 2560.000000
-286.801941 896.256042 2560.000000
-282.320648 896.256042 2560.000000
-277.839355 896.256042 2560.000000
-273.358063 896.256042 2560.000000
-268.876801 896.256042 2560.000000
-264.395508 896.256042 2560.000000
-259.914246 896.256042 2560.000000
-255.432968 896.256042 2560.000000
-250.951675 896.256042 2560.000000
-246.470413 896.256042 2560.000000
-318.170868 900.737305 2560.000000
-313.689606 900.737305 2560.000000
-309.208344 900.737305 2560.000000
-304.727051 900.737305 2560.000000
-300.245758 900.737305 2560.000000
-295.764465 900.737305 2560.000000
-291.283203 900.737305 2560.000000
-286.801941 900.737305 2560.000000
-282.320648 900.737305 2560.000000
-277.839355 900.737305 2560.000000
-273.358063 900.737305 2560.000000
-268.876801 900.737305 2560.000000
-264.395508 900.737305 2560.000000
-259.914246 900.737305 2560.000000
-255.432968 900.737305 2560.000000
-250.951675 900.737305 2560.000000
-246.470413 900.737305 2560.000000
-241.989136 900.737305 2560.000000
-318.170868 905.218567 2560.000000
-313.689606 905.218567 2560.000000
-309.208344 905.218567 2560.000000
-304.727051 905.218567 2560.000000
-300.245758 905.218567 2560.000000
-295.764465 905.218567 2560.000000
-291.283203 905.218567 2560.000000
-286.801941 905.218567 2560.000000
-282.320648 905.218567 2560.000000
-277.839355 905.218567 2560.000000
-273.358063 905.218567 2560.000000
-268.876801 905.218567 2560.000000
-264.395508 905.218567 2560.000000
-259.914246 905.218567 2560.000000
-255.432968 905.218567 2560.000000
-250.951675 905.218567 2560.000000
-246.470413 905.218567 2560.000000
-546.471130 627.764343 2580.000000
-541.954773 627.764343 2580.000000
-546.471130 632.280579 2580.000000
-541.954773 632.280579 2580.000000
-537.438538 632.280579 2580.000000
-532.922180 632.280579 2580.000000
-546.471130 636.796875 2580.000000
-541.954773 636.796875 2580.000000
-537.438538 636.796875 2580.000000
-293.558838 808.415894 2580.000000
-293.558838 812.932190 2580.000000
-289.042572 812.932190 2580.000000
-284.526276 812.932190 2580.000000
-280.009979 812.932190 2580.000000
-302.591400 817.448425 2580.000000
-293.558838 817.448425 2580.000000
-289.042572 817.448425 2580.000000
-284.526276 817.448425 2580.000000
-280.009979 817.448425 2580.000000
-275.493713 817.448425 2580.000000
-302.591400 821.964722 2580.000000
-293.558838 821.964722 2580.000000
-289.042572 821.964722 2580.000000
-280.009979 821.964722 2580.000000
-275.493713 821.964722 2580.000000
-293.558838 826.481018 2580.000000
-275.493713 826.481018 2580.000000
-261.944824 840.029968 2580.000000
-261.944824 844.546265 2580.000000
-257.428528 844.546265 2580.000000
-261.944824 849.062561 2580.000000
-257.428528 849.062561 2580.000000
-261.944824 853.578857 2580.000000
-257.428528 853.578857 2580.000000
-257.428528 858.095093 2580.000000
-252.912247 858.095093 2580.000000
-248.395950 858.095093 2580.000000
-257.428528 862.611389 2580.000000
-252.912247 862.611389 2580.000000
-248.395950 862.611389 2580.000000
-252.912247 867.127747 2580.000000
-248.395950 867.127747 2580.000000
-243.879669 867.127747 2580.000000
-252.912247 871.643982 2580.000000
-248.395950 871.643982 2580.000000
-252.912247 876.160278 2580.000000
-248.395950 876.160278 2580.000000
-239.363358 876.160278 2580.000000
-248.395950 880.676575 2580.000000
-239.363358 880.676575 2580.000000
-248.395950 885.192871 2580.000000
-239.363358 885.192871 2580.000000
-239.363358 889.709106 2580.000000
-239.363358 894.225403 2580.000000
-239.363358 898.741699 2580.000000
-243.879669 903.257996 2580.000000
-239.363358 903.257996 2580.000000
-239.363358 907.774292 2580.000000
82.522072 637.253784 2619.000000
87.106628 637.253784 2619.000000
91.691193 637.253784 2619.000000
96.275757 637.253784 2619.000000
105.444862 637.253784 2619.000000
110.029427 637.253784 2619.000000
73.352959 641.838379 2619.000000
77.937515 641.838379 2619.000000
82.522072 641.838379 2619.000000
87.106628 641.838379 2619.000000
91.691193 641.838379 2619.000000
96.275757 641.838379 2619.000000
100.860313 641.838379 2619.000000
105.444862 641.838379 2619.000000
110.029427 641.838379 2619.000000
114.613991 641.838379 2619.000000
119.198547 641.838379 2619.000000
32.091915 646.422913 2619.000000
36.676479 646.422913 2619.000000
41.261036 646.422913 2619.000000
45.845596 646.422913 2619.000000
50.430157 646.422913 2619.000000
77.937515 646.422913 2619.000000
82.522072 646.422913 2619.000000
87.106628 646.422913 2619.000000
91.691193 646.422913 2619.000000
96.275757 646.422913 2619.000000
100.860313 646.422913 2619.000000
105.444862 646.422913 2619.000000
110.029427 646.422913 2619.000000
114.613991 646.422913 2619.000000
119.198547 646.422913 2619.000000
123.783112 646.422913 2619.000000
128.367661 646.422913 2619.000000
18.338240 651.007446 2619.000000
22.922798 651.007446 2619.000000
27.507357 651.007446 2619.000000
32.091915 651.007446 2619.000000
36.676479 651.007446 2619.000000
41.261036 651.007446 2619.000000
45.845596 651.007446 2619.000000
50.430157 651.007446 2619.000000
55.014713 651.007446 2619.000000
77.937515 651.007446 2619.000000
82.522072 651.007446 2619.000000
87.106628 651.007446 2619.000000
91.691193 651.007446 2619.000000
96.275757 651.007446 2619.000000
100.860313 651.007446 2619.000000
-50.815266 655.978882 2639.000000
-50.815266 660.598450 2639.000000
-46.195698 660.598450 2639.000000
-41.576126 660.598450 2639.000000
